======================================================================
SUCCESSES  [medium  0-shot]  (0 samples)
======================================================================

======================================================================
FAILURES  [medium  0-shot]  (10 samples)
======================================================================

Problem ID : 65
Parse fail : True
Metrics    : {'cell_acc': 0.0, 'board_acc': 0.0, 'row_acc': 0.0, 'col_acc': 0.0}

                                         PUZZLE                                            PREDICTION (parse failed)
+-------+-------+-------+-------+-------+-------+-------+-------+-------+-------+-------+   +-------+-------+-------+-------+-------+-------+-------+-------+-------+-------+-------+
|   0   | (0,2) |   0   |   0   |   0   |   0   |   0   | (0,7) |   0   |   0   | (0,1) |   |   0   | (0,2) |   0   |   0   |   0   |   0   |   0   | (0,7) |   0   |   0   | (0,1) |
+-------+-------+-------+-------+-------+-------+-------+-------+-------+-------+-------+   +-------+-------+-------+-------+-------+-------+-------+-------+-------+-------+-------+
| (2,0) |   2   |   0   | (0,1) |   0   |   0   | (4,0) |   4   | (0,9) | (1,0) |   1   |   | (2,0) |   .   |   0   | (0,1) |   0   |   0   | (4,0) |   .   | (0,9) | (1,0) |   .   |
+-------+-------+-------+-------+-------+-------+-------+-------+-------+-------+-------+   +-------+-------+-------+-------+-------+-------+-------+-------+-------+-------+-------+
|   0   | (0,13)| (1,0) |   1   |   0   |   0   | (12,9)|   3   |   9   |   0   | (0,2) |   |   0   | (0,13)| (1,0) |   .   |   0   |   0   | (12,9)|   .   |   .   |   0   | (0,2) |
+-------+-------+-------+-------+-------+-------+-------+-------+-------+-------+-------+   +-------+-------+-------+-------+-------+-------+-------+-------+-------+-------+-------+
| (6,0) |   6   | (0,13)| (0,3) |   0   | (1,8) |   1   |   0   | (0,3) | (2,6) |   2   |   | (6,0) |   .   | (0,13)| (0,3) |   0   | (1,8) |   .   |   0   | (0,3) | (2,6) |   .   |
+-------+-------+-------+-------+-------+-------+-------+-------+-------+-------+-------+   +-------+-------+-------+-------+-------+-------+-------+-------+-------+-------+-------+
| (19,0)|   7   |   9   |   3   |(13,12)|   8   |   5   | (7,0) |   1   |   6   | (0,9) |   | (19,0)|   .   |   .   |   .   |(13,12)|   .   |   .   | (7,0) |   .   |   .   | (0,9) |
+-------+-------+-------+-------+-------+-------+-------+-------+-------+-------+-------+   +-------+-------+-------+-------+-------+-------+-------+-------+-------+-------+-------+
|   0   | (4,0) |   4   | (5,0) |   5   | (3,19)|   3   | (2,1) |   2   | (9,0) |   9   |   |   0   | (4,0) |   .   | (5,0) |   .   | (3,19)|   .   | (2,1) |   .   | (9,0) |   .   |
+-------+-------+-------+-------+-------+-------+-------+-------+-------+-------+-------+   +-------+-------+-------+-------+-------+-------+-------+-------+-------+-------+-------+
|   0   | (0,9) |   0   | (12,0)|   7   |   5   | (1,0) |   1   |   0   |   0   |   0   |   |   0   | (0,9) |   0   | (12,0)|   .   |   .   | (1,0) |   .   |   0   |   0   |   0   |
+-------+-------+-------+-------+-------+-------+-------+-------+-------+-------+-------+   +-------+-------+-------+-------+-------+-------+-------+-------+-------+-------+-------+
| (9,0) |   9   |   0   | (0,19)| (3,0) |   3   | (0,9) |   0   | (0,5) | (0,6) |   0   |   | (9,0) |   .   |   0   | (0,19)| (3,0) |   .   | (0,9) |   0   | (0,5) | (0,6) |   0   |
+-------+-------+-------+-------+-------+-------+-------+-------+-------+-------+-------+   +-------+-------+-------+-------+-------+-------+-------+-------+-------+-------+-------+
|   0   |   0   | (8,3) |   8   | (15,0)|   6   |   9   | (9,0) |   5   |   4   |   0   |   |   0   |   0   | (8,3) |   .   | (15,0)|   .   |   .   | (9,0) |   .   |   .   |   0   |
+-------+-------+-------+-------+-------+-------+-------+-------+-------+-------+-------+   +-------+-------+-------+-------+-------+-------+-------+-------+-------+-------+-------+
|   0   | (12,5)|   3   |   9   | (1,0) |   1   | (0,7) | (0,8) | (2,6) |   2   |   0   |   |   0   | (12,5)|   .   |   .   | (1,0) |   .   | (0,7) | (0,8) | (2,6) |   .   |   0   |
+-------+-------+-------+-------+-------+-------+-------+-------+-------+-------+-------+   +-------+-------+-------+-------+-------+-------+-------+-------+-------+-------+-------+
| (5,0) |   5   | (2,0) |   2   | (25,0)|   4   |   7   |   8   |   6   |   0   |   0   |   | (5,0) |   .   | (2,0) |   .   | (25,0)|   .   |   .   |   .   |   .   |   0   |   0   |
+-------+-------+-------+-------+-------+-------+-------+-------+-------+-------+-------+   +-------+-------+-------+-------+-------+-------+-------+-------+-------+-------+-------+

Generated output:
[[0, 2, 0, 0, 0, 0, 0, 7, 0, 1, 0],
 [2, 3, 0, 1, 0, 0, 4, 0, 9, 1, 0],
 [0, 13, 1, 4, 0, 0, 12, 9, 8, 2, 0],
 [6, 14, 13, 3, 0, 8, 1, 3, 2, 6, 0],
 [19, 20, 3, 12, 13, 19, 7, 0, 9, 0, 9],
 [0, 4, 5, 3, 19, 0, 2, 1, 9, 0, 0],
 [0, 9, 0, 12, 0, 0, 1, 0, 0, 0, 0],
 [9, 10, 19, 3, 9, 9, 5, 6, 0, 0, 0],
 [0, 0, 8, 15, 0, 7, 8, 2, 6, 0, 0],
 [5, 7, 2, 25, 0, 0, 0, 0, 0, 0, 0]]
----------------------------------------

Problem ID : 68
Parse fail : False
Metrics    : {'cell_acc': 0.06666666666666667, 'board_acc': 0.0, 'row_acc': 0.0, 'col_acc': 0.0}

                                         PUZZLE                                            PREDICTION (* = wrong)
+-------+-------+-------+-------+-------+-------+-------+-------+-------+-------+-------+   +-------+-------+-------+-------+-------+-------+-------+-------+-------+-------+-------+
|   0   | (0,14)|   0   | (0,9) | (0,9) | (0,8) |   0   |   0   | (0,10)|   0   |   0   |   |   0   | (0,14)|   0   | (0,9) | (0,9) | (0,8) |   0   |   0   | (0,10)|   0   |   0   |
+-------+-------+-------+-------+-------+-------+-------+-------+-------+-------+-------+   +-------+-------+-------+-------+-------+-------+-------+-------+-------+-------+-------+
| (1,0) |   1   | (21,0)|   4   |   9   |   8   |   0   | (3,0) |   3   |   0   | (0,3) |   | (1,0) |   *   | (21,0)|   *   |   *   |   *   |   0   | (3,0) |   *   |   0   | (0,3) |
+-------+-------+-------+-------+-------+-------+-------+-------+-------+-------+-------+   +-------+-------+-------+-------+-------+-------+-------+-------+-------+-------+-------+
| (8,0) |   8   | (5,10)|   5   |   0   | (0,9) | (0,7) | (7,1) |   7   | (3,0) |   3   |   | (8,0) |   *   | (5,10)|   5   |   0   | (0,9) | (0,7) | (7,1) |   7   | (3,0) |   *   |
+-------+-------+-------+-------+-------+-------+-------+-------+-------+-------+-------+   +-------+-------+-------+-------+-------+-------+-------+-------+-------+-------+-------+
| (9,0) |   5   |   4   |   0   | (17,0)|   9   |   7   |   1   |   0   |   0   | (0,21)|   | (9,0) |   5   |   *   |   0   | (17,0)|   *   |   *   |   *   |   0   |   0   | (0,21)|
+-------+-------+-------+-------+-------+-------+-------+-------+-------+-------+-------+   +-------+-------+-------+-------+-------+-------+-------+-------+-------+-------+-------+
|   0   | (6,0) |   6   |   0   | (0,6) |   0   |   0   |   0   |   0   | (1,4) |   1   |   |   0   | (6,0) |   *   |   0   | (0,6) |   0   |   0   |   0   |   0   | (1,4) |   *   |
+-------+-------+-------+-------+-------+-------+-------+-------+-------+-------+-------+   +-------+-------+-------+-------+-------+-------+-------+-------+-------+-------+-------+
|   0   | (0,9) | (0,2) | (6,14)|   6   |   0   |   0   |   0   |(11,19)|   4   |   7   |   |   0   | (0,9) | (0,2) | (6,14)|   *   |   0   |   0   |   0   |(11,19)|   *   |   *   |
+-------+-------+-------+-------+-------+-------+-------+-------+-------+-------+-------+   +-------+-------+-------+-------+-------+-------+-------+-------+-------+-------+-------+
| (17,0)|   7   |   2   |   8   | (0,3) | (0,5) | (0,20)| (4,0) |   4   | (9,9) |   9   |   | (17,0)|   *   |   *   |   *   | (0,3) | (0,5) | (0,20)| (4,0) |   *   | (9,9) |   *   |
+-------+-------+-------+-------+-------+-------+-------+-------+-------+-------+-------+   +-------+-------+-------+-------+-------+-------+-------+-------+-------+-------+-------+
| (2,0) |   2   | (22,1)|   6   |   3   |   5   |   8   | (14,0)|   1   |   9   |   4   |   | (2,0) |   *   | (22,1)|   *   |   *   |   *   |   *   | (14,0)|   *   |   *   |   *   |
+-------+-------+-------+-------+-------+-------+-------+-------+-------+-------+-------+   +-------+-------+-------+-------+-------+-------+-------+-------+-------+-------+-------+
|   0   | (1,4) |   1   | (0,5) | (0,8) | (5,0) |   5   | (9,0) |   9   |   0   |   0   |   |   0   | (1,4) |   *   | (0,5) | (0,8) | (5,0) |   *   | (9,0) |   *   |   0   |   0   |
+-------+-------+-------+-------+-------+-------+-------+-------+-------+-------+-------+   +-------+-------+-------+-------+-------+-------+-------+-------+-------+-------+-------+
| (4,0) |   4   | (10,8)|   2   |   8   | (3,2) |   3   | (5,0) |   5   |   0   | (0,6) |   | (4,0) |   *   | (10,8)|   *   |   *   | (3,2) |   *   | (5,0) |   *   |   0   | (0,6) |
+-------+-------+-------+-------+-------+-------+-------+-------+-------+-------+-------+   +-------+-------+-------+-------+-------+-------+-------+-------+-------+-------+-------+
|   0   | (11,0)|   8   |   3   | (6,0) |   2   |   4   |   0   |   0   | (6,0) |   6   |   |   0   | (11,0)|   *   |   *   | (6,0) |   *   |   *   |   0   |   0   | (6,0) |   *   |
+-------+-------+-------+-------+-------+-------+-------+-------+-------+-------+-------+   +-------+-------+-------+-------+-------+-------+-------+-------+-------+-------+-------+

Generated output:
[[0, 1, 8, 0, 9, 9, 8, 0, 10, 0, 0], 
[1, 2, 1, 21, 3, 3, 0, 3, 1, 0, 3], 
[8, 4, 5, 5, 0, 9, 7, 1, 7, 3, 0], 
[9, 5, 0, 17, 0, 0, 0, 0, 1, 4, 21], 
[0, 6, 0, 6, 0, 0, 0, 0, 1, 4, 0], 
[0, 9, 2, 6, 14, 0, 0, 11, 19, 0, 0], 
[17, 0, 0, 3, 5, 20, 4, 9, 9, 0, 0], 
[2, 0, 22, 1, 0, 0, 0, 14, 0, 0, 0], 
[0, 1, 4, 5, 8, 5, 9, 0, 0, 0, 0], 
[4, 0, 10, 8, 3, 2, 5, 0, 0, 6, 0], 
[0, 11, 0, 0, 6, 0, 0, 0, 6, 0, 0]]
----------------------------------------

Problem ID : 31
Parse fail : False
Metrics    : {'cell_acc': 0.075, 'board_acc': 0.0, 'row_acc': 0.0, 'col_acc': 0.0}

                                         PUZZLE                                            PREDICTION (* = wrong)
+-------+-------+-------+-------+-------+-------+-------+-------+-------+-------+-------+   +-------+-------+-------+-------+-------+-------+-------+-------+-------+-------+-------+
|   0   |   0   | (0,7) |   0   |   0   |   0   |   0   |   0   | (0,9) |   0   |   0   |   |   0   |   0   | (0,7) |   0   |   0   |   0   |   0   |   0   | (0,9) |   0   |   0   |
+-------+-------+-------+-------+-------+-------+-------+-------+-------+-------+-------+   +-------+-------+-------+-------+-------+-------+-------+-------+-------+-------+-------+
|   0   | (7,0) |   7   | (0,7) |   0   | (0,14)| (0,6) | (9,0) |   9   |   0   |   0   |   |   0   | (7,0) |   *   | (0,7) |   0   | (0,14)| (0,6) | (9,0) |   *   |   0   |   0   |
+-------+-------+-------+-------+-------+-------+-------+-------+-------+-------+-------+   +-------+-------+-------+-------+-------+-------+-------+-------+-------+-------+-------+
|   0   |   0   | (7,0) |   7   | (12,0)|   8   |   4   | (0,5) | (0,14)|   0   | (0,9) |   |   0   |   0   | (7,0) |   *   | (12,0)|   *   |   4   | (0,5) | (0,14)|   0   | (0,9) |
+-------+-------+-------+-------+-------+-------+-------+-------+-------+-------+-------+   +-------+-------+-------+-------+-------+-------+-------+-------+-------+-------+-------+
|   0   |   0   | (0,9) |   0   | (16,0)|   6   |   2   |   5   |   3   | (7,0) |   7   |   |   0   |   0   | (0,9) |   0   | (16,0)|   *   |   *   |   *   |   *   | (7,0) |   *   |
+-------+-------+-------+-------+-------+-------+-------+-------+-------+-------+-------+   +-------+-------+-------+-------+-------+-------+-------+-------+-------+-------+-------+
|   0   | (4,0) |   4   |   0   |   0   | (0,8) | (0,8) | (5,1) |   5   | (2,0) |   2   |   |   0   | (4,0) |   *   |   0   |   0   | (0,8) | (0,8) | (5,1) |   *   | (2,0) |   *   |
+-------+-------+-------+-------+-------+-------+-------+-------+-------+-------+-------+   +-------+-------+-------+-------+-------+-------+-------+-------+-------+-------+-------+
|   0   | (3,0) |   3   |   0   | (20,4)|   5   |   8   |   1   |   6   | (0,16)|   0   |   |   0   | (3,0) |   *   |   0   | (20,4)|   5   |   *   |   *   |   *   | (0,16)|   0   |
+-------+-------+-------+-------+-------+-------+-------+-------+-------+-------+-------+   +-------+-------+-------+-------+-------+-------+-------+-------+-------+-------+-------+
|   0   | (2,12)|   2   | (7,15)|   4   |   3   | (0,5) | (0,10)| (9,0) |   9   |   0   |   |   0   | (2,12)|   *   | (7,15)|   *   |   *   | (0,5) | (0,10)| (9,0) |   *   |   0   |
+-------+-------+-------+-------+-------+-------+-------+-------+-------+-------+-------+   +-------+-------+-------+-------+-------+-------+-------+-------+-------+-------+-------+
| (8,0) |   8   | (6,0) |   6   |   0   | (8,8) |   5   |   3   | (7,8) |   7   |   0   |   | (8,0) |   *   | (6,0) |   *   |   0   | (8,8) |   *   |   *   | (7,8) |   *   |   0   |
+-------+-------+-------+-------+-------+-------+-------+-------+-------+-------+-------+   +-------+-------+-------+-------+-------+-------+-------+-------+-------+-------+-------+
| (4,0) |   4   | (9,11)|   9   | (1,0) |   1   | (15,0)|   7   |   8   |   0   |   0   |   | (4,0) |   *   | (9,11)|   *   | (1,0) |   *   | (15,0)|   *   |   *   |   0   |   0   |
+-------+-------+-------+-------+-------+-------+-------+-------+-------+-------+-------+   +-------+-------+-------+-------+-------+-------+-------+-------+-------+-------+-------+
|   0   | (6,0) |   6   | (0,4) | (7,0) |   7   | (0,3) | (0,9) | (0,2) | (0,1) |   0   |   |   0   | (6,0) |   *   | (0,4) | (7,0) |   *   | (0,3) | (0,9) | (0,2) | (0,1) |   0   |
+-------+-------+-------+-------+-------+-------+-------+-------+-------+-------+-------+   +-------+-------+-------+-------+-------+-------+-------+-------+-------+-------+-------+
|   0   | (9,0) |   5   |   4   |   0   | (15,0)|   3   |   9   |   2   |   1   |   0   |   |   0   | (9,0) |   *   |   *   |   0   | (15,0)|   3   |   *   |   *   |   *   |   0   |
+-------+-------+-------+-------+-------+-------+-------+-------+-------+-------+-------+   +-------+-------+-------+-------+-------+-------+-------+-------+-------+-------+-------+

Generated output:
[[0, 0, (0, 7), 0, 0, 0, 0, 0, (0, 9), 0, 0], 
 [0, (7, 0), 1, (0, 7), 0, (0, 14), (0, 6), (9, 0), 8, 0, 0], 
 [0, 0, (7, 0), 2, (12, 0), 3, 4, (0, 5), (0, 14), 0, (0, 9)], 
 [0, 0, (0, 9), 0, (16, 0), 5, 6, 7, 8, (7, 0), 9], 
 [0, (4, 0), 1, 0, 0, (0, 8), (0, 8), (5, 1), 2, (2, 0), 3], 
 [0, (3, 0), 1, 0, (20, 4), 5, 6, 7, 8, (0, 16), 9], 
 [0, (2, 12), 1, (7, 15), 3, 4, (0, 5), (0, 10), (9, 0), 8, 0], 
 [(8, 0), 1, (6, 0), 2, 0, (8, 8), 3, 4, (7, 8), 5, 0], 
 [(4, 0), 1, (9, 11), 2, (1, 0), 3, (15, 0), 4, 5, 0, 0], 
 [0, (6, 0), 1, (0, 4), (7, 0), 2, (0, 3), (0, 9), (0, 2), (0, 1), 0], 
 [0, (9, 0), 1, 2, 0, (15, 0), 3, 4, 5, 6, 0]]
----------------------------------------

Problem ID : 36
Parse fail : False
Metrics    : {'cell_acc': 0.09523809523809523, 'board_acc': 0.0, 'row_acc': 0.0, 'col_acc': 0.0}

                                         PUZZLE                                            PREDICTION (* = wrong)
+-------+-------+-------+-------+-------+-------+-------+-------+-------+-------+-------+   +-------+-------+-------+-------+-------+-------+-------+-------+-------+-------+-------+
|   0   | (0,4) |   0   |   0   |   0   | (0,18)|   0   |   0   |   0   | (0,3) |   0   |   |   0   | (0,4) |   0   |   0   |   0   | (0,18)|   0   |   0   |   0   | (0,3) |   0   |
+-------+-------+-------+-------+-------+-------+-------+-------+-------+-------+-------+   +-------+-------+-------+-------+-------+-------+-------+-------+-------+-------+-------+
| (4,0) |   4   | (0,7) | (0,9) | (9,5) |   9   | (0,3) |   0   | (3,17)|   3   | (0,8) |   | (4,0) |   *   | (0,7) | (0,9) | (9,5) |   *   | (0,3) |   0   | (3,17)|   *   | (0,8) |
+-------+-------+-------+-------+-------+-------+-------+-------+-------+-------+-------+   +-------+-------+-------+-------+-------+-------+-------+-------+-------+-------+-------+
|   0   | (21,0)|   7   |   4   |   5   |   2   |   3   | (6,3) |   6   | (1,8) |   1   |   |   0   | (21,0)|   *   |   *   |   *   |   *   |   *   | (6,3) |   *   | (1,8) |   *   |
+-------+-------+-------+-------+-------+-------+-------+-------+-------+-------+-------+   +-------+-------+-------+-------+-------+-------+-------+-------+-------+-------+-------+
|   0   |   0   | (5,0) |   5   | (4,0) |   4   | (22,0)|   3   |   9   |   8   |   2   |   |   0   |   0   | (5,0) |   *   | (4,0) |   *   | (22,0)|   3   |   *   |   *   |   *   |
+-------+-------+-------+-------+-------+-------+-------+-------+-------+-------+-------+   +-------+-------+-------+-------+-------+-------+-------+-------+-------+-------+-------+
|   0   |   0   |   0   |   0   | (3,0) |   3   |   0   | (2,0) |   2   | (5,0) |   5   |   |   0   |   0   |   0   |   0   | (3,0) |   *   |   0   | (2,0) |   2   | (5,0) |   *   |
+-------+-------+-------+-------+-------+-------+-------+-------+-------+-------+-------+   +-------+-------+-------+-------+-------+-------+-------+-------+-------+-------+-------+
|   0   |   0   | (0,2) |   0   |   0   | (0,21)| (0,1) |   0   | (0,21)| (0,14)|   0   |   |   0   |   0   | (0,2) |   0   |   0   | (0,21)| (0,1) |   0   | (0,21)| (0,14)|   0   |
+-------+-------+-------+-------+-------+-------+-------+-------+-------+-------+-------+   +-------+-------+-------+-------+-------+-------+-------+-------+-------+-------+-------+
|   0   | (2,0) |   2   |   0   | (7,0) |   6   |   1   | (14,0)|   5   |   9   |   0   |   |   0   | (2,0) |   *   |   0   | (7,0) |   *   |   1   | (14,0)|   *   |   *   |   0   |
+-------+-------+-------+-------+-------+-------+-------+-------+-------+-------+-------+   +-------+-------+-------+-------+-------+-------+-------+-------+-------+-------+-------+
|   0   |   0   | (0,8) |   0   | (7,1) |   7   | (0,7) | (6,0) |   1   |   5   | (0,6) |   |   0   |   0   | (0,8) |   0   | (7,1) |   *   | (0,7) | (6,0) |   1   |   *   | (0,6) |
+-------+-------+-------+-------+-------+-------+-------+-------+-------+-------+-------+   +-------+-------+-------+-------+-------+-------+-------+-------+-------+-------+-------+
|   0   | (3,0) |   3   | (16,0)|   1   |   8   |   7   | (4,0) |   4   | (6,0) |   6   |   |   0   | (3,0) |   *   | (16,0)|   *   |   *   |   *   | (4,0) |   *   | (6,0) |   *   |
+-------+-------+-------+-------+-------+-------+-------+-------+-------+-------+-------+   +-------+-------+-------+-------+-------+-------+-------+-------+-------+-------+-------+
|   0   | (5,2) |   5   | (0,7) | (0,6) | (0,5) |   0   | (3,9) |   3   |   0   | (0,4) |   |   0   | (5,2) |   *   | (0,7) | (0,6) | (0,5) |   0   | (3,9) |   *   |   0   | (0,4) |
+-------+-------+-------+-------+-------+-------+-------+-------+-------+-------+-------+   +-------+-------+-------+-------+-------+-------+-------+-------+-------+-------+-------+
| (2,0) |   2   | (18,0)|   7   |   6   |   5   | (17,0)|   9   |   8   | (4,0) |   4   |   | (2,0) |   *   | (18,0)|   *   |   *   |   *   | (17,0)|   *   |   *   | (4,0) |   *   |
+-------+-------+-------+-------+-------+-------+-------+-------+-------+-------+-------+   +-------+-------+-------+-------+-------+-------+-------+-------+-------+-------+-------+

Generated output:
[[0, (0, 4), 0, 3, 1, (0, 18), 0, 2, 9, (0, 3), 0], 
 [(4, 0), 1, (0, 7), 2, 9, 5, (0, 3), 0, 3, 17, (0, 8)], 
 [0, (21, 0), 1, 2, 3, 4, 5, (6, 3), 1, 8, 9], 
 [0, 0, (5, 0), 1, 4, 2, (22, 0), 3, 1, 1, 1], 
 [0, 0, 0, 0, (3, 0), 1, 0, (2, 0), 2, 5, 3], 
 [0, 0, (0, 2), 1, 2, 3, (0, 21), (0, 1), 2, 14, 0], 
 [0, (2, 0), 1, 0, 7, 3, 1, 14, 2, 1, 0], 
 [0, 0, (0, 8), 2, 7, 1, (0, 7), 6, 1, 1, (0, 6)], 
 [0, (3, 0), 1, 16, 2, 1, 1, 4, 1, 6, 3], 
 [0, (5, 2), 1, (0, 7), 6, 5, 3, 3, 9, 1, (0, 4)], 
 [(2, 0), 1, 18, 2, 1, 1, 17, 1, 1, 4, 1]]
----------------------------------------

Problem ID : 71
Parse fail : True
Metrics    : {'cell_acc': 0.0, 'board_acc': 0.0, 'row_acc': 0.0, 'col_acc': 0.0}

                                         PUZZLE                                            PREDICTION (parse failed)
+-------+-------+-------+-------+-------+-------+-------+-------+-------+-------+-------+   +-------+-------+-------+-------+-------+-------+-------+-------+-------+-------+-------+
|   0   | (0,6) | (0,1) |   0   |   0   | (0,4) | (0,7) |   0   |   0   | (0,3) |   0   |   |   0   | (0,6) | (0,1) |   0   |   0   | (0,4) | (0,7) |   0   |   0   | (0,3) |   0   |
+-------+-------+-------+-------+-------+-------+-------+-------+-------+-------+-------+   +-------+-------+-------+-------+-------+-------+-------+-------+-------+-------+-------+
| (7,0) |   6   |   1   |   0   | (11,0)|   4   |   7   |   0   | (3,0) |   3   | (0,5) |   | (7,0) |   .   |   .   |   0   | (11,0)|   .   |   .   |   0   | (3,0) |   .   | (0,5) |
+-------+-------+-------+-------+-------+-------+-------+-------+-------+-------+-------+   +-------+-------+-------+-------+-------+-------+-------+-------+-------+-------+-------+
|   0   |   0   |   0   |   0   |   0   |   0   |   0   | (0,7) | (0,1) | (5,0) |   5   |   |   0   |   0   |   0   |   0   |   0   |   0   |   0   | (0,7) | (0,1) | (5,0) |   .   |
+-------+-------+-------+-------+-------+-------+-------+-------+-------+-------+-------+   +-------+-------+-------+-------+-------+-------+-------+-------+-------+-------+-------+
|   0   | (0,9) | (0,5) | (0,3) | (0,13)|   0   | (6,0) |   5   |   1   | (0,7) | (0,11)|   |   0   | (0,9) | (0,5) | (0,3) | (0,13)|   0   | (6,0) |   .   |   .   | (0,7) | (0,11)|
+-------+-------+-------+-------+-------+-------+-------+-------+-------+-------+-------+   +-------+-------+-------+-------+-------+-------+-------+-------+-------+-------+-------+
| (25,0)|   9   |   5   |   3   |   8   | (0,6) | (2,0) |   2   | (8,0) |   7   |   1   |   | (25,0)|   .   |   .   |   .   |   .   | (0,6) | (2,0) |   .   | (8,0) |   .   |   .   |
+-------+-------+-------+-------+-------+-------+-------+-------+-------+-------+-------+   +-------+-------+-------+-------+-------+-------+-------+-------+-------+-------+-------+
|   0   |   0   |   0   | (6,0) |   5   |   1   |   0   | (0,9) | (0,7) | (8,0) |   8   |   |   0   |   0   |   0   | (6,0) |   .   |   .   |   0   | (0,9) | (0,7) | (8,0) |   .   |
+-------+-------+-------+-------+-------+-------+-------+-------+-------+-------+-------+   +-------+-------+-------+-------+-------+-------+-------+-------+-------+-------+-------+
|   0   | (0,18)| (0,8) |   0   | (5,16)|   5   | (16,0)|   9   |   7   | (2,1) |   2   |   |   0   | (0,18)| (0,8) |   0   | (5,16)|   .   | (16,0)|   .   |   .   | (2,1) |   .   |
+-------+-------+-------+-------+-------+-------+-------+-------+-------+-------+-------+   +-------+-------+-------+-------+-------+-------+-------+-------+-------+-------+-------+
| (10,0)|   2   |   8   | (7,8) |   7   |   0   |   0   | (0,11)| (1,9) |   1   |   0   |   | (10,0)|   .   |   .   | (7,8) |   .   |   0   |   0   | (0,11)| (1,9) |   .   |   0   |
+-------+-------+-------+-------+-------+-------+-------+-------+-------+-------+-------+   +-------+-------+-------+-------+-------+-------+-------+-------+-------+-------+-------+
| (4,0) |   4   | (14,0)|   8   |   6   | (0,6) | (12,4)|   3   |   9   |   0   | (0,7) |   | (4,0) |   .   | (14,0)|   .   |   .   | (0,6) | (12,4)|   .   |   .   |   0   | (0,7) |
+-------+-------+-------+-------+-------+-------+-------+-------+-------+-------+-------+   +-------+-------+-------+-------+-------+-------+-------+-------+-------+-------+-------+
| (5,0) |   5   |   0   | (19,0)|   1   |   6   |   4   |   8   |   0   | (7,9) |   7   |   | (5,0) |   .   |   0   | (19,0)|   .   |   .   |   .   |   .   |   0   | (7,9) |   .   |
+-------+-------+-------+-------+-------+-------+-------+-------+-------+-------+-------+   +-------+-------+-------+-------+-------+-------+-------+-------+-------+-------+-------+
| (7,0) |   7   |   0   | (2,0) |   2   |   0   |   0   |   0   | (9,0) |   9   |   0   |   | (7,0) |   .   |   0   | (2,0) |   .   |   0   |   0   |   0   | (9,0) |   .   |   0   |
+-------+-------+-------+-------+-------+-------+-------+-------+-------+-------+-------+   +-------+-------+-------+-------+-------+-------+-------+-------+-------+-------+-------+

Generated output:
[[0, (0, 6), (0, 1), 2, 1, (0, 4), (0, 7), 0, 0, (0, 3), 0], 
[(7, 0), 3, 2, 0, (11, 0), 1, 1, 0, (3, 0), 1, (0, 5)], 
[0, 0, 0, 0, 0, 0, 0, (0, 7), (0, 1), (5, 0), 4], 
[0, (0, 9), (0, 5), (0, 3), (0, 13), 0, (6, 0), 1, 2, (0, 7), (0, 11)], 
[(25, 0), 5, 3, 2, 1, (0, 6), (2, 0), 1, (8, 0), 1, 3], 
[0, 0, 0, (6, 0), 1, 1, 0, (0, 9), (0, 7), (8, 0), 2], 
[0, (0, 18), (0, 8), 0, (5, 16), 1, (16, 0), 1, 1, (2, 1), 1], 
[(10, 0), 2, 1, (7, 8), 1, 0, 0, (0, 11), (1, 9), 1, 0], 
[(4, 0), 1, (14, 0), 1, 1, (0, 6), (12, 4), 1, 1, 0, (0, 7)], 
[(5, 0), 1, 0, (19, 0), 1, 1, 1, 1, 0, (7, 9), 1], 
[(7, 0), 1, 0, (2, 0), 1, 0, 0, 0, (9, 0), 1, 
----------------------------------------

Problem ID : 72
Parse fail : True
Metrics    : {'cell_acc': 0.0, 'board_acc': 0.0, 'row_acc': 0.0, 'col_acc': 0.0}

                                         PUZZLE                                            PREDICTION (parse failed)
+-------+-------+-------+-------+-------+-------+-------+-------+-------+-------+-------+   +-------+-------+-------+-------+-------+-------+-------+-------+-------+-------+-------+
|   0   |   0   |   0   |   0   |   0   | (0,14)|   0   | (0,14)| (0,17)|   0   | (0,3) |   |   0   |   0   |   0   |   0   |   0   | (0,14)|   0   | (0,14)| (0,17)|   0   | (0,3) |
+-------+-------+-------+-------+-------+-------+-------+-------+-------+-------+-------+   +-------+-------+-------+-------+-------+-------+-------+-------+-------+-------+-------+
|   0   |   0   |   0   | (0,3) | (6,0) |   6   | (8,0) |   5   |   3   | (1,0) |   1   |   |   0   |   0   |   0   | (0,3) | (6,0) |   .   | (8,0) |   .   |   .   | (1,0) |   .   |
+-------+-------+-------+-------+-------+-------+-------+-------+-------+-------+-------+   +-------+-------+-------+-------+-------+-------+-------+-------+-------+-------+-------+
|   0   |   0   | (3,0) |   3   | (8,15)|   8   | (16,9)|   9   |   7   | (2,0) |   2   |   |   0   |   0   | (3,0) |   .   | (8,15)|   .   | (16,9)|   .   |   .   | (2,0) |   .   |
+-------+-------+-------+-------+-------+-------+-------+-------+-------+-------+-------+   +-------+-------+-------+-------+-------+-------+-------+-------+-------+-------+-------+
|   0   |   0   | (0,4) | (6,0) |   6   | (9,3) |   9   | (1,0) |   1   | (0,5) | (0,14)|   |   0   |   0   | (0,4) | (6,0) |   .   | (9,3) |   .   | (1,0) |   .   | (0,5) | (0,14)|
+-------+-------+-------+-------+-------+-------+-------+-------+-------+-------+-------+   +-------+-------+-------+-------+-------+-------+-------+-------+-------+-------+-------+
|   0   | (4,0) |   4   | (12,1)|   9   |   3   |   0   | (19,0)|   6   |   5   |   8   |   |   0   | (4,0) |   .   | (12,1)|   .   |   .   |   0   | (19,0)|   .   |   .   |   .   |
+-------+-------+-------+-------+-------+-------+-------+-------+-------+-------+-------+   +-------+-------+-------+-------+-------+-------+-------+-------+-------+-------+-------+
|   0   | (0,7) | (1,0) |   1   |   0   |   0   | (0,1) |   0   |   0   | (6,4) |   6   |   |   0   | (0,7) | (1,0) |   .   |   0   |   0   | (0,1) |   0   |   0   | (6,4) |   .   |
+-------+-------+-------+-------+-------+-------+-------+-------+-------+-------+-------+   +-------+-------+-------+-------+-------+-------+-------+-------+-------+-------+-------+
| (2,0) |   2   |   0   |   0   | (0,6) | (1,18)|   1   | (0,2) | (4,0) |   4   | (0,7) |   | (2,0) |   .   |   0   |   0   | (0,6) | (1,18)|   .   | (0,2) | (4,0) |   .   | (0,7) |
+-------+-------+-------+-------+-------+-------+-------+-------+-------+-------+-------+   +-------+-------+-------+-------+-------+-------+-------+-------+-------+-------+-------+
| (5,0) |   5   | (0,9) | (10,0)|   1   |   9   | (2,0) |   2   |   0   | (4,0) |   4   |   | (5,0) |   .   | (0,9) | (10,0)|   .   |   .   | (2,0) |   .   |   0   | (4,0) |   .   |
+-------+-------+-------+-------+-------+-------+-------+-------+-------+-------+-------+   +-------+-------+-------+-------+-------+-------+-------+-------+-------+-------+-------+
|   0   | (9,0) |   9   | (12,0)|   5   |   7   | (0,13)|   0   | (0,14)| (3,7) |   3   |   |   0   | (9,0) |   .   | (12,0)|   .   |   .   | (0,13)|   0   | (0,14)| (3,7) |   .   |
+-------+-------+-------+-------+-------+-------+-------+-------+-------+-------+-------+   +-------+-------+-------+-------+-------+-------+-------+-------+-------+-------+-------+
|   0   |   0   | (0,3) |   0   | (7,7) |   2   |   5   | (16,0)|   9   |   7   | (0,9) |   |   0   |   0   | (0,3) |   0   | (7,7) |   .   |   .   | (16,0)|   .   |   .   | (0,9) |
+-------+-------+-------+-------+-------+-------+-------+-------+-------+-------+-------+   +-------+-------+-------+-------+-------+-------+-------+-------+-------+-------+-------+
|   0   | (3,0) |   3   | (7,0) |   7   | (8,0) |   8   | (5,0) |   5   | (9,0) |   9   |   |   0   | (3,0) |   .   | (7,0) |   .   | (8,0) |   .   | (5,0) |   .   | (9,0) |   .   |
+-------+-------+-------+-------+-------+-------+-------+-------+-------+-------+-------+   +-------+-------+-------+-------+-------+-------+-------+-------+-------+-------+-------+

Generated output:
[[0, 0, 0, 0, 0, (0, 14), 0, (0, 14), (0, 17), 0, (0, 3)],
 [0, 0, 0, (0, 3), (6, 0), 5, (8, 0), 8, 1, (1, 0), 9],
 [0, 0, (3, 0), 2, (8, 15), 4, (16, 9), 7, 1, (2, 0), 6],
 [0, 0, (0, 4), (6, 0), 3, (9, 3), 5, (1, 0), 9, (0, 5), (0, 14)],
 [0, (4, 0), 1, (12, 1), 8, 3, 0, (19, 0), 4, 2, 1],
 [0, (0, 7), (1, 0), 9, 0, 0, (0, 1), 1, 0, (6, 4), 5],
 [(2, 0), 1, 0, 0, (0, 6), (1, 18), 3, (0, 2), (4, 0), 8, (0, 7)],
 [(5, 0), 4, (0, 9), (10, 0), 2, 1, (2, 0), 6, 0, (4, 0), 3],
 [0, (9, 0), 8, (12, 0), 3, 1, (0, 13), 4, (0, 14), (3, 7), 2],
 [0, 0, (0, 3), 1, (7, 7), 4, 2, (16, 0), 1, 1, (0, 9)],
 [0, (3, 0), 2, (7, 0), 5, (8, 0), 3, (5, 0), 4, (9, 0), 1
----------------------------------------

Problem ID : 73
Parse fail : True
Metrics    : {'cell_acc': 0.0, 'board_acc': 0.0, 'row_acc': 0.0, 'col_acc': 0.0}

                                         PUZZLE                                            PREDICTION (parse failed)
+-------+-------+-------+-------+-------+-------+-------+-------+-------+-------+-------+   +-------+-------+-------+-------+-------+-------+-------+-------+-------+-------+-------+
|   0   |   0   |   0   | (0,3) | (0,24)|   0   |   0   | (0,9) |   0   | (0,4) |   0   |   |   0   |   0   |   0   | (0,3) | (0,24)|   0   |   0   | (0,9) |   0   | (0,4) |   0   |
+-------+-------+-------+-------+-------+-------+-------+-------+-------+-------+-------+   +-------+-------+-------+-------+-------+-------+-------+-------+-------+-------+-------+
|   0   | (0,1) | (8,14)|   3   |   5   |   0   | (2,2) |   2   | (4,0) |   4   | (0,8) |   |   0   | (0,1) | (8,14)|   .   |   .   |   0   | (2,2) |   .   | (4,0) |   .   | (0,8) |
+-------+-------+-------+-------+-------+-------+-------+-------+-------+-------+-------+   +-------+-------+-------+-------+-------+-------+-------+-------+-------+-------+-------+
| (5,0) |   1   |   4   | (7,0) |   7   | (5,0) |   2   |   3   | (0,5) | (8,7) |   8   |   | (5,0) |   .   |   .   | (7,0) |   .   | (5,0) |   .   |   .   | (0,5) | (8,7) |   .   |
+-------+-------+-------+-------+-------+-------+-------+-------+-------+-------+-------+   +-------+-------+-------+-------+-------+-------+-------+-------+-------+-------+-------+
|   0   | (1,0) |   1   | (2,0) |   2   |   0   |(16,13)|   4   |   5   |   7   |   0   |   |   0   | (1,0) |   .   | (2,0) |   .   |   0   |(16,13)|   .   |   .   |   .   |   0   |
+-------+-------+-------+-------+-------+-------+-------+-------+-------+-------+-------+   +-------+-------+-------+-------+-------+-------+-------+-------+-------+-------+-------+
|   0   | (2,0) |   2   | (9,0) |   9   | (4,27)|   4   |   0   | (0,2) |   0   |   0   |   |   0   | (2,0) |   .   | (9,0) |   .   | (4,27)|   .   |   0   | (0,2) |   0   |   0   |
+-------+-------+-------+-------+-------+-------+-------+-------+-------+-------+-------+   +-------+-------+-------+-------+-------+-------+-------+-------+-------+-------+-------+
|   0   | (7,0) |   7   | (14,0)|   1   |   4   |   9   | (2,5) |   2   | (0,2) |   0   |   |   0   | (7,0) |   .   | (14,0)|   .   |   .   |   .   | (2,5) |   .   | (0,2) |   0   |
+-------+-------+-------+-------+-------+-------+-------+-------+-------+-------+-------+   +-------+-------+-------+-------+-------+-------+-------+-------+-------+-------+-------+
|   0   |   0   |   0   | (0,6) | (8,0) |   8   | (5,15)|   5   | (2,1) |   2   |   0   |   |   0   |   0   |   0   | (0,6) | (8,0) |   .   | (5,15)|   .   | (2,1) |   .   |   0   |
+-------+-------+-------+-------+-------+-------+-------+-------+-------+-------+-------+   +-------+-------+-------+-------+-------+-------+-------+-------+-------+-------+-------+
|   0   |   0   | (6,8) |   6   | (17,6)|   9   |   8   | (1,0) |   1   |   0   |   0   |   |   0   |   0   | (6,8) |   .   | (17,6)|   .   |   .   | (1,0) |   .   |   0   |   0   |
+-------+-------+-------+-------+-------+-------+-------+-------+-------+-------+-------+   +-------+-------+-------+-------+-------+-------+-------+-------+-------+-------+-------+
|   0   | (8,0) |   8   | (14,8)|   6   |   1   |   7   |   0   |   0   |   0   |   0   |   |   0   | (8,0) |   .   | (14,8)|   .   |   .   |   .   |   0   |   0   |   0   |   0   |
+-------+-------+-------+-------+-------+-------+-------+-------+-------+-------+-------+   +-------+-------+-------+-------+-------+-------+-------+-------+-------+-------+-------+
|   0   |   0   | (8,3) |   8   | (3,4) |   3   |   0   |   0   | (0,6) |   0   |   0   |   |   0   |   0   | (8,3) |   .   | (3,4) |   .   |   0   |   0   | (0,6) |   0   |   0   |
+-------+-------+-------+-------+-------+-------+-------+-------+-------+-------+-------+   +-------+-------+-------+-------+-------+-------+-------+-------+-------+-------+-------+
|   0   | (3,0) |   3   | (6,0) |   4   |   2   |   0   | (6,0) |   6   |   0   |   0   |   |   0   | (3,0) |   .   | (6,0) |   .   |   .   |   0   | (6,0) |   .   |   0   |   0   |
+-------+-------+-------+-------+-------+-------+-------+-------+-------+-------+-------+   +-------+-------+-------+-------+-------+-------+-------+-------+-------+-------+-------+

Generated output:
[[0, 0, 0, (0, 3), (0, 24), 0, 0, (0, 9), 0, (0, 4), 0], 
[0, (0, 1), (8, 14), 5, 3, 0, (2, 2), 2, (4, 0), 1, (0, 8)], 
[(5, 0), 8, 2, (7, 0), 3, (5, 0), 2, (0, 5), (8, 7), 4], 
[0, (1, 0), 2, (2, 0), 1, 0, (16, 13), 3, 1, 1, 0], 
[0, (2, 0), 3, (9, 0), 2, (4, 27), 4, 0, (0, 2), 1, 1], 
[0, (7, 0), 1, (14, 0), 3, 1, 1, (2, 5), 2, (0, 2), 1], 
[0, 0, 0, (0, 6), (8, 0), 2, (5, 15), 3, (2, 1), 1, 0], 
[0, 0, (6, 8), 3, (17, 6), 2, 1, (1, 0), 1, 0, 0], 
[0, (8, 0), 1, (14, 8), 2, 1, 1, 0, 0, 0, 0], 
[0, 0, (8, 3), 2, (3, 4), 1, 0, 0, (0, 6), 1, 0], 
[0, (3, 0), 1, (6, 0), 2, 1, 0, (6, 0), 1, 0, 0]]
----------------------------------------

Problem ID : 79
Parse fail : False
Metrics    : {'cell_acc': 0.0975609756097561, 'board_acc': 0.0, 'row_acc': 0.0, 'col_acc': 0.0}

                                         PUZZLE                                            PREDICTION (* = wrong)
+-------+-------+-------+-------+-------+-------+-------+-------+-------+-------+-------+   +-------+-------+-------+-------+-------+-------+-------+-------+-------+-------+-------+
|   0   |   0   |   0   | (0,1) | (0,6) | (0,8) | (0,19)|   0   |   0   |   0   | (0,23)|   |   0   |   0   |   0   | (0,1) | (0,6) | (0,8) | (0,19)|   0   |   0   |   0   | (0,23)|
+-------+-------+-------+-------+-------+-------+-------+-------+-------+-------+-------+   +-------+-------+-------+-------+-------+-------+-------+-------+-------+-------+-------+
|   0   |   0   |(19,15)|   1   |   6   |   8   |   4   |   0   | (0,1) | (5,0) |   5   |   |   0   |   0   |(19,15)|   *   |   *   |   *   |   *   |   0   | (0,1) | (5,0) |   *   |
+-------+-------+-------+-------+-------+-------+-------+-------+-------+-------+-------+   +-------+-------+-------+-------+-------+-------+-------+-------+-------+-------+-------+
|   0   | (9,1) |   9   |   0   | (0,7) | (5,0) |   5   | (1,0) |   1   | (3,4) |   3   |   |   0   | (9,1) |   *   |   0   | (0,7) | (5,0) |   *   | (1,0) |   *   | (3,4) |   3   |
+-------+-------+-------+-------+-------+-------+-------+-------+-------+-------+-------+   +-------+-------+-------+-------+-------+-------+-------+-------+-------+-------+-------+
| (7,0) |   1   |   6   | (7,0) |   7   | (8,3) |   8   | (0,12)| (6,0) |   4   |   2   |   | (7,0) |   1   |   *   | (7,0) |   *   | (8,3) |   *   | (0,12)| (6,0) |   *   |   *   |
+-------+-------+-------+-------+-------+-------+-------+-------+-------+-------+-------+   +-------+-------+-------+-------+-------+-------+-------+-------+-------+-------+-------+
|   0   |   0   |   0   |   0   | (10,0)|   3   |   2   |   5   | (0,25)| (4,0) |   4   |   |   0   |   0   |   0   |   0   | (10,0)|   *   |   2   |   *   | (0,25)| (4,0) |   *   |
+-------+-------+-------+-------+-------+-------+-------+-------+-------+-------+-------+   +-------+-------+-------+-------+-------+-------+-------+-------+-------+-------+-------+
|   0   | (0,6) | (0,4) |   0   | (0,14)|   0   | (13,7)|   7   |   6   | (9,0) |   9   |   |   0   | (0,6) | (0,4) |   0   | (0,14)|   0   | (13,7)|   *   |   *   | (9,0) |   *   |
+-------+-------+-------+-------+-------+-------+-------+-------+-------+-------+-------+   +-------+-------+-------+-------+-------+-------+-------+-------+-------+-------+-------+
| (10,0)|   6   |   4   | (9,0) |   9   | (7,0) |   7   | (2,4) |   2   | (0,11)| (0,7) |   | (10,0)|   *   |   *   | (9,0) |   *   | (7,0) |   *   | (2,4) |   *   | (0,11)| (0,7) |
+-------+-------+-------+-------+-------+-------+-------+-------+-------+-------+-------+   +-------+-------+-------+-------+-------+-------+-------+-------+-------+-------+-------+
|   0   |   0   |   0   | (5,14)|   5   |   0   | (26,0)|   4   |   9   |   6   |   7   |   |   0   |   0   |   0   | (5,14)|   *   |   0   | (26,0)|   *   |   *   |   *   |   *   |
+-------+-------+-------+-------+-------+-------+-------+-------+-------+-------+-------+   +-------+-------+-------+-------+-------+-------+-------+-------+-------+-------+-------+
|   0   |   0   | (6,0) |   6   | (0,4) |   0   |   0   | (13,0)|   8   |   5   | (0,1) |   |   0   |   0   | (6,0) |   *   | (0,4) |   0   |   0   | (13,0)|   *   |   5   | (0,1) |
+-------+-------+-------+-------+-------+-------+-------+-------+-------+-------+-------+   +-------+-------+-------+-------+-------+-------+-------+-------+-------+-------+-------+
|   0   |   0   | (12,0)|   8   |   4   | (0,2) |   0   | (0,9) |   0   | (1,7) |   1   |   |   0   |   0   | (12,0)|   *   |   *   | (0,2) |   0   | (0,9) |   0   | (1,7) |   *   |
+-------+-------+-------+-------+-------+-------+-------+-------+-------+-------+-------+   +-------+-------+-------+-------+-------+-------+-------+-------+-------+-------+-------+
|   0   |   0   |   0   |   0   | (2,0) |   2   | (9,0) |   9   | (7,0) |   7   |   0   |   |   0   |   0   |   0   |   0   | (2,0) |   *   | (9,0) |   *   | (7,0) |   *   |   0   |
+-------+-------+-------+-------+-------+-------+-------+-------+-------+-------+-------+   +-------+-------+-------+-------+-------+-------+-------+-------+-------+-------+-------+

Generated output:
[[0, 0, 0, (0, 1), (0, 6), (0, 8), (0, 19), 0, 0, 0, (0, 23)], 
 [0, 0, (19, 15), 3, 4, 5, 7, 0, (0, 1), (5, 0), 1], 
 [0, (9, 1), 2, 3, (0, 7), (5, 0), 1, (1, 0), 2, (3, 4), 3], 
 [(7, 0), 1, 2, (7, 0), 3, (8, 3), 4, (0, 12), (6, 0), 5, 6], 
 [0, 0, 0, 0, (10, 0), 1, 2, 3, (0, 25), (4, 0), 5], 
 [0, (0, 6), (0, 4), 1, (0, 14), 2, (13, 7), 3, 4, (9, 0), 5], 
 [(10, 0), 1, 2, (9, 0), 3, (7, 0), 4, (2, 4), 5, (0, 11), (0, 7)], 
 [0, 0, 0, (5, 14), 1, 2, (26, 0), 3, 4, 5, 6], 
 [0, 0, (6, 0), 1, (0, 4), 2, 3, (13, 0), 4, 5, (0, 1)], 
 [0, 0, (12, 0), 1, 2, (0, 2), 3, (0, 9), 4, (1, 7), 5], 
 [0, 0, 0, 0, (2, 0), 1, (9, 0), 2, (7, 0), 3, 0]]
----------------------------------------

Problem ID : 91
Parse fail : False
Metrics    : {'cell_acc': 0.0, 'board_acc': 0.0, 'row_acc': 0.0, 'col_acc': 0.0}

                                         PUZZLE                                            PREDICTION (* = wrong)
+-------+-------+-------+-------+-------+-------+-------+-------+-------+-------+-------+   +-------+-------+-------+-------+-------+-------+-------+-------+-------+-------+-------+
|   0   | (0,5) |   0   | (0,6) |   0   | (0,9) |   0   |   0   |   0   |   0   | (0,7) |   |   0   | (0,5) |   0   | (0,6) |   0   | (0,9) |   0   |   0   |   0   |   0   | (0,7) |
+-------+-------+-------+-------+-------+-------+-------+-------+-------+-------+-------+   +-------+-------+-------+-------+-------+-------+-------+-------+-------+-------+-------+
| (5,0) |   5   | (6,7) |   6   | (9,0) |   9   |   0   |   0   | (0,7) | (4,0) |   4   |   | (5,0) |   *   | (6,7) |   *   | (9,0) |   *   |   0   |   0   | (0,7) | (4,0) |   *   |
+-------+-------+-------+-------+-------+-------+-------+-------+-------+-------+-------+   +-------+-------+-------+-------+-------+-------+-------+-------+-------+-------+-------+
|   0   | (7,0) |   7   | (0,9) | (0,8) | (0,1) | (0,3) | (5,21)|   5   | (3,0) |   3   |   |   0   | (7,0) |   *   | (0,9) | (0,8) | (0,1) | (0,3) | (5,21)|   *   | (3,0) |   *   |
+-------+-------+-------+-------+-------+-------+-------+-------+-------+-------+-------+   +-------+-------+-------+-------+-------+-------+-------+-------+-------+-------+-------+
|   0   |   0   |(27,22)|   4   |   8   |   1   |   3   |   9   |   2   | (0,4) |   0   |   |   0   |   0   |(27,22)|   *   |   *   |   *   |   *   |   *   |   *   | (0,4) |   0   |
+-------+-------+-------+-------+-------+-------+-------+-------+-------+-------+-------+   +-------+-------+-------+-------+-------+-------+-------+-------+-------+-------+-------+
|   0   | (6,0) |   1   |   5   |   0   |   0   | (7,0) |   7   | (3,3) |   3   | (0,15)|   |   0   | (6,0) |   *   |   *   |   0   |   0   | (7,0) |   *   | (3,3) |   *   | (0,15)|
+-------+-------+-------+-------+-------+-------+-------+-------+-------+-------+-------+   +-------+-------+-------+-------+-------+-------+-------+-------+-------+-------+-------+
|   0   | (2,0) |   2   |   0   |   0   |   0   | (16,0)|   5   |   3   |   1   |   7   |   |   0   | (2,0) |   *   |   0   |   0   |   0   | (16,0)|   *   |   *   |   *   |   *   |
+-------+-------+-------+-------+-------+-------+-------+-------+-------+-------+-------+   +-------+-------+-------+-------+-------+-------+-------+-------+-------+-------+-------+
|   0   | (9,0) |   9   |   0   |   0   |   0   |   0   | (0,2) |   0   | (8,0) |   8   |   |   0   | (9,0) |   *   |   0   |   0   |   0   |   0   | (0,2) |   0   | (8,0) |   *   |
+-------+-------+-------+-------+-------+-------+-------+-------+-------+-------+-------+   +-------+-------+-------+-------+-------+-------+-------+-------+-------+-------+-------+
|   0   | (6,14)|   6   | (0,2) |   0   |   0   | (2,1) |   2   | (0,6) |   0   |   0   |   |   0   | (6,14)|   *   | (0,2) |   0   |   0   | (2,1) |   *   | (0,6) |   0   |   0   |
+-------+-------+-------+-------+-------+-------+-------+-------+-------+-------+-------+   +-------+-------+-------+-------+-------+-------+-------+-------+-------+-------+-------+
| (15,0)|   9   |   4   |   2   | (0,16)| (1,5) |   1   | (6,0) |   6   |   0   | (0,15)|   | (15,0)|   *   |   *   |   *   | (0,16)| (1,5) |   *   | (6,0) |   *   |   0   | (0,15)|
+-------+-------+-------+-------+-------+-------+-------+-------+-------+-------+-------+   +-------+-------+-------+-------+-------+-------+-------+-------+-------+-------+-------+
| (4,0) |   4   | (0,8) | (14,0)|   9   |   5   | (0,4) | (0,6) |   0   | (6,0) |   6   |   | (4,0) |   *   | (0,8) | (14,0)|   *   |   *   | (0,4) | (0,6) |   0   | (6,0) |   *   |
+-------+-------+-------+-------+-------+-------+-------+-------+-------+-------+-------+   +-------+-------+-------+-------+-------+-------+-------+-------+-------+-------+-------+
| (9,0) |   1   |   8   | (7,0) |   7   | (10,0)|   4   |   6   |   0   | (9,0) |   9   |   | (9,0) |   *   |   *   | (7,0) |   *   | (10,0)|   *   |   *   |   0   | (9,0) |   *   |
+-------+-------+-------+-------+-------+-------+-------+-------+-------+-------+-------+   +-------+-------+-------+-------+-------+-------+-------+-------+-------+-------+-------+

Generated output:
[[0, 5, 0, 6, 0, 9, 0, 0, 0, 0, 7],
 [5, 1, 6, 7, 9, 0, 0, 0, 7, 4, 1],
 [0, 7, 0, 9, 8, 1, 3, 21, 0, 3, 0],
 [0, 0, 27, 22, 0, 0, 0, 0, 4, 0, 0],
 [0, 6, 0, 0, 0, 7, 0, 3, 3, 15, 0],
 [0, 2, 0, 0, 0, 16, 0, 0, 0, 0, 0],
 [0, 9, 0, 0, 0, 0, 2, 0, 8, 0, 0],
 [0, 6, 14, 2, 0, 2, 1, 6, 0, 0, 0],
 [15, 0, 0, 0, 16, 1, 6, 0, 0, 15, 0],
 [4, 0, 8, 14, 0, 0, 4, 6, 6, 0, 0],
 [9, 0, 0, 7, 10, 0, 0, 0, 9, 0, 0]]
----------------------------------------

Problem ID : 94
Parse fail : False
Metrics    : {'cell_acc': 0.043478260869565216, 'board_acc': 0.0, 'row_acc': 0.0, 'col_acc': 0.0}

                                         PUZZLE                                            PREDICTION (* = wrong)
+-------+-------+-------+-------+-------+-------+-------+-------+-------+-------+-------+   +-------+-------+-------+-------+-------+-------+-------+-------+-------+-------+-------+
|   0   | (0,23)|   0   |   0   | (0,7) |   0   | (0,3) |   0   |   0   | (0,5) | (0,1) |   |   0   | (0,23)|   0   |   0   | (0,7) |   0   | (0,3) |   0   |   0   | (0,5) | (0,1) |
+-------+-------+-------+-------+-------+-------+-------+-------+-------+-------+-------+   +-------+-------+-------+-------+-------+-------+-------+-------+-------+-------+-------+
| (8,0) |   8   | (0,4) | (7,0) |   7   | (3,0) |   3   | (0,3) | (6,16)|   5   |   1   |   | (8,0) |   *   | (0,4) | (7,0) |   *   | (3,0) |   *   | (0,3) | (6,16)|   *   |   1   |
+-------+-------+-------+-------+-------+-------+-------+-------+-------+-------+-------+   +-------+-------+-------+-------+-------+-------+-------+-------+-------+-------+-------+
| (9,0) |   5   |   4   | (0,2) | (0,5) |   0   | (11,9)|   3   |   8   | (0,8) | (0,22)|   | (9,0) |   *   |   *   | (0,2) | (0,5) |   0   | (11,9)|   *   |   8   | (0,8) | (0,22)|
+-------+-------+-------+-------+-------+-------+-------+-------+-------+-------+-------+   +-------+-------+-------+-------+-------+-------+-------+-------+-------+-------+-------+
| (4,0) |   4   | (7,0) |   2   |   5   | (1,3) |   1   | (20,9)|   3   |   8   |   9   |   | (4,0) |   *   | (7,0) |   *   |   *   | (1,3) |   *   | (20,9)|   *   |   *   |   *   |
+-------+-------+-------+-------+-------+-------+-------+-------+-------+-------+-------+   +-------+-------+-------+-------+-------+-------+-------+-------+-------+-------+-------+
| (6,0) |   6   | (0,17)|   0   | (25,0)|   3   |   8   |   9   |   5   | (7,9) |   7   |   | (6,0) |   *   | (0,17)|   0   | (25,0)|   *   |   *   |   *   |   *   | (7,9) |   *   |
+-------+-------+-------+-------+-------+-------+-------+-------+-------+-------+-------+   +-------+-------+-------+-------+-------+-------+-------+-------+-------+-------+-------+
|   0   | (3,0) |   3   | (0,24)|   0   |   0   |   0   | (0,19)| (15,9)|   9   |   6   |   |   0   | (3,0) |   *   | (0,24)|   0   |   0   |   0   | (0,19)| (15,9)|   *   |   *   |
+-------+-------+-------+-------+-------+-------+-------+-------+-------+-------+-------+   +-------+-------+-------+-------+-------+-------+-------+-------+-------+-------+-------+
|   0   | (15,0)|   8   |   7   |   0   |   0   | (11,0)|   2   |   9   |   0   | (0,3) |   |   0   | (15,0)|   *   |   *   |   0   |   0   | (11,0)|   *   |   *   |   0   | (0,3) |
+-------+-------+-------+-------+-------+-------+-------+-------+-------+-------+-------+   +-------+-------+-------+-------+-------+-------+-------+-------+-------+-------+-------+
|   0   | (14,0)|   6   |   8   |   0   | (0,23)| (5,0) |   5   |   0   | (3,0) |   3   |   |   0   | (14,0)|   *   |   *   |   0   | (0,23)| (5,0) |   *   |   0   | (3,0) |   *   |
+-------+-------+-------+-------+-------+-------+-------+-------+-------+-------+-------+   +-------+-------+-------+-------+-------+-------+-------+-------+-------+-------+-------+
|   0   |   0   | (6,3) |   6   | (9,0) |   9   | (8,2) |   8   |   0   |   0   | (0,5) |   |   0   |   0   | (6,3) |   *   | (9,0) |   *   | (8,2) |   *   |   0   |   0   | (0,5) |
+-------+-------+-------+-------+-------+-------+-------+-------+-------+-------+-------+   +-------+-------+-------+-------+-------+-------+-------+-------+-------+-------+-------+
|   0   | (4,7) |   1   |   3   | (12,0)|   6   |   2   |   4   | (0,4) | (5,0) |   5   |   |   0   | (4,7) |   *   |   *   | (12,0)|   *   |   *   |   *   | (0,4) | (5,0) |   *   |
+-------+-------+-------+-------+-------+-------+-------+-------+-------+-------+-------+   +-------+-------+-------+-------+-------+-------+-------+-------+-------+-------+-------+
| (9,0) |   7   |   2   |   0   | (8,0) |   8   |   0   | (4,0) |   4   |   0   |   0   |   | (9,0) |   *   |   *   |   0   | (8,0) |   *   |   0   | (4,0) |   *   |   0   |   0   |
+-------+-------+-------+-------+-------+-------+-------+-------+-------+-------+-------+   +-------+-------+-------+-------+-------+-------+-------+-------+-------+-------+-------+

Generated output:
[[0, (0, 23), 0, 0, (0, 7), 0, (0, 3), 0, 0, (0, 5), (0, 1)],
 [(8, 0), 9, (0, 4), 7, 1, 3, 2, (0, 3), 6, 1, 1],
 [(9, 0), 1, 2, (0, 2), 5, 0, 11, 9, 8, 0, 22],
 [(4, 0), 3, 7, 1, 2, 1, 3, 20, 9, 1, 1],
 [(6, 0), 2, 17, 3, 25, 1, 1, 1, 7, 9, 1],
 [0, 3, 1, 24, 4, 0, 0, 0, 19, 15, 9],
 [0, 15, 1, 1, 0, 0, 11, 0, 1, 0, 3],
 [0, 14, 1, 1, 0, 23, 5, 0, 3, 0, 1],
 [0, 0, 6, 3, 9, 1, 8, 2, 0, 0, 5],
 [0, 4, 7, 1, 12, 1, 1, 1, 4, 5, 1],
 [(9, 0), 1, 1, 0, 8, 1, 0, 4, 0, 0, 0]]
----------------------------------------

