======================================================================
SUCCESSES  [medium  0-shot]  (0 samples)
======================================================================

======================================================================
FAILURES  [medium  0-shot]  (10 samples)
======================================================================

Problem ID : 94
Parse fail : True
Metrics    : {'cell_acc': 0.0, 'board_acc': 0.0, 'row_acc': 0.0, 'col_acc': 0.0}

                                         PUZZLE                                            PREDICTION (parse failed)
+-------+-------+-------+-------+-------+-------+-------+-------+-------+-------+-------+   +-------+-------+-------+-------+-------+-------+-------+-------+-------+-------+-------+
|   0   | (0,23)|   0   |   0   | (0,7) |   0   | (0,3) |   0   |   0   | (0,5) | (0,1) |   |   0   | (0,23)|   0   |   0   | (0,7) |   0   | (0,3) |   0   |   0   | (0,5) | (0,1) |
+-------+-------+-------+-------+-------+-------+-------+-------+-------+-------+-------+   +-------+-------+-------+-------+-------+-------+-------+-------+-------+-------+-------+
| (8,0) |   8   | (0,4) | (7,0) |   7   | (3,0) |   3   | (0,3) | (6,16)|   5   |   1   |   | (8,0) |   .   | (0,4) | (7,0) |   .   | (3,0) |   .   | (0,3) | (6,16)|   .   |   .   |
+-------+-------+-------+-------+-------+-------+-------+-------+-------+-------+-------+   +-------+-------+-------+-------+-------+-------+-------+-------+-------+-------+-------+
| (9,0) |   5   |   4   | (0,2) | (0,5) |   0   | (11,9)|   3   |   8   | (0,8) | (0,22)|   | (9,0) |   .   |   .   | (0,2) | (0,5) |   0   | (11,9)|   .   |   .   | (0,8) | (0,22)|
+-------+-------+-------+-------+-------+-------+-------+-------+-------+-------+-------+   +-------+-------+-------+-------+-------+-------+-------+-------+-------+-------+-------+
| (4,0) |   4   | (7,0) |   2   |   5   | (1,3) |   1   | (20,9)|   3   |   8   |   9   |   | (4,0) |   .   | (7,0) |   .   |   .   | (1,3) |   .   | (20,9)|   .   |   .   |   .   |
+-------+-------+-------+-------+-------+-------+-------+-------+-------+-------+-------+   +-------+-------+-------+-------+-------+-------+-------+-------+-------+-------+-------+
| (6,0) |   6   | (0,17)|   0   | (25,0)|   3   |   8   |   9   |   5   | (7,9) |   7   |   | (6,0) |   .   | (0,17)|   0   | (25,0)|   .   |   .   |   .   |   .   | (7,9) |   .   |
+-------+-------+-------+-------+-------+-------+-------+-------+-------+-------+-------+   +-------+-------+-------+-------+-------+-------+-------+-------+-------+-------+-------+
|   0   | (3,0) |   3   | (0,24)|   0   |   0   |   0   | (0,19)| (15,9)|   9   |   6   |   |   0   | (3,0) |   .   | (0,24)|   0   |   0   |   0   | (0,19)| (15,9)|   .   |   .   |
+-------+-------+-------+-------+-------+-------+-------+-------+-------+-------+-------+   +-------+-------+-------+-------+-------+-------+-------+-------+-------+-------+-------+
|   0   | (15,0)|   8   |   7   |   0   |   0   | (11,0)|   2   |   9   |   0   | (0,3) |   |   0   | (15,0)|   .   |   .   |   0   |   0   | (11,0)|   .   |   .   |   0   | (0,3) |
+-------+-------+-------+-------+-------+-------+-------+-------+-------+-------+-------+   +-------+-------+-------+-------+-------+-------+-------+-------+-------+-------+-------+
|   0   | (14,0)|   6   |   8   |   0   | (0,23)| (5,0) |   5   |   0   | (3,0) |   3   |   |   0   | (14,0)|   .   |   .   |   0   | (0,23)| (5,0) |   .   |   0   | (3,0) |   .   |
+-------+-------+-------+-------+-------+-------+-------+-------+-------+-------+-------+   +-------+-------+-------+-------+-------+-------+-------+-------+-------+-------+-------+
|   0   |   0   | (6,3) |   6   | (9,0) |   9   | (8,2) |   8   |   0   |   0   | (0,5) |   |   0   |   0   | (6,3) |   .   | (9,0) |   .   | (8,2) |   .   |   0   |   0   | (0,5) |
+-------+-------+-------+-------+-------+-------+-------+-------+-------+-------+-------+   +-------+-------+-------+-------+-------+-------+-------+-------+-------+-------+-------+
|   0   | (4,7) |   1   |   3   | (12,0)|   6   |   2   |   4   | (0,4) | (5,0) |   5   |   |   0   | (4,7) |   .   |   .   | (12,0)|   .   |   .   |   .   | (0,4) | (5,0) |   .   |
+-------+-------+-------+-------+-------+-------+-------+-------+-------+-------+-------+   +-------+-------+-------+-------+-------+-------+-------+-------+-------+-------+-------+
| (9,0) |   7   |   2   |   0   | (8,0) |   8   |   0   | (4,0) |   4   |   0   |   0   |   | (9,0) |   .   |   .   |   0   | (8,0) |   .   |   0   | (4,0) |   .   |   0   |   0   |
+-------+-------+-------+-------+-------+-------+-------+-------+-------+-------+-------+   +-------+-------+-------+-------+-------+-------+-------+-------+-------+-------+-------+

Generated output:
[[0, (0, 23), 0, 0, (0, 7), 0, (0, 3), 0, 0, (0, 5), (0, 1)], [(8, 0), 0, (0, 4), (7, 0), 0, (3, 0), 0, (0, 3), (6, 16), 0, 0], [(9, 0), 0, 0, (0, 2), (0, 5), 0, (11, 9), 0, 0, (0, 8), (0, 22)], [(4, 0), 0, (7, 0), 0, 0, (1, 3), 0, (20, 9), 0, 0, 0], [(6, 0), 0, (0, 17), 0, (25, 0), 0, 0, 0, 0, (7, 9), 0], [0, (3, 0), 0, (0, 24), 0, 0, 0, (0, 19), (15, 9), 0, 0], [0, (15, 0), 0, 0, 0, (11, 0), 0, 0, 0, (0, 3)], [0, (14, 0), 0, 0, (0, 23), (5, 0), 0, 0, (3, 0), 0], [0, 0, (6, 3), 0, (9, 0), 0, (8, 2), 0, 0, 0, (0, 5)], [0, (4, 7), 0, 0, (12, 0), 0, 0, (0, 4), (5, 0), 0], [(9, 0), 0, 0, 0, (8, 0), 0, 0, (4, 0), 0, 0, 0]]
----------------------------------------

Problem ID : 131
Parse fail : True
Metrics    : {'cell_acc': 0.0, 'board_acc': 0.0, 'row_acc': 0.0, 'col_acc': 0.0}

                                         PUZZLE                                            PREDICTION (parse failed)
+-------+-------+-------+-------+-------+-------+-------+-------+-------+-------+-------+   +-------+-------+-------+-------+-------+-------+-------+-------+-------+-------+-------+
|   0   |   0   |   0   |   0   | (0,7) | (0,10)|   0   | (0,11)|   0   | (0,3) | (0,6) |   |   0   |   0   |   0   |   0   | (0,7) | (0,10)|   0   | (0,11)|   0   | (0,3) | (0,6) |
+-------+-------+-------+-------+-------+-------+-------+-------+-------+-------+-------+   +-------+-------+-------+-------+-------+-------+-------+-------+-------+-------+-------+
|   0   |   0   | (0,7) | (9,0) |   7   |   2   | (8,1) |   8   | (9,0) |   3   |   6   |   |   0   |   0   | (0,7) | (9,0) |   .   |   .   | (8,1) |   .   | (9,0) |   .   |   .   |
+-------+-------+-------+-------+-------+-------+-------+-------+-------+-------+-------+   +-------+-------+-------+-------+-------+-------+-------+-------+-------+-------+-------+
|   0   | (7,8) |   7   |   0   | (12,0)|   8   |   1   |   3   | (0,7) |   0   |   0   |   |   0   | (7,8) |   .   |   0   | (12,0)|   .   |   .   |   .   | (0,7) |   0   |   0   |
+-------+-------+-------+-------+-------+-------+-------+-------+-------+-------+-------+   +-------+-------+-------+-------+-------+-------+-------+-------+-------+-------+-------+
| (8,0) |   8   | (0,19)| (0,5) | (0,2) | (0,1) |   0   | (7,4) |   7   | (0,8) |   0   |   | (8,0) |   .   | (0,19)| (0,5) | (0,2) | (0,1) |   0   | (7,4) |   .   | (0,8) |   0   |
+-------+-------+-------+-------+-------+-------+-------+-------+-------+-------+-------+   +-------+-------+-------+-------+-------+-------+-------+-------+-------+-------+-------+
|   0   | (14,0)|   6   |   5   |   2   |   1   | (4,0) |   4   | (8,0) |   8   |   0   |   |   0   | (14,0)|   .   |   .   |   .   |   .   | (4,0) |   .   | (8,0) |   .   |   0   |
+-------+-------+-------+-------+-------+-------+-------+-------+-------+-------+-------+   +-------+-------+-------+-------+-------+-------+-------+-------+-------+-------+-------+
|   0   | (1,6) |   1   | (0,3) | (0,12)|   0   |   0   | (0,9) | (0,4) | (0,5) | (0,9) |   |   0   | (1,6) |   .   | (0,3) | (0,12)|   0   |   0   | (0,9) | (0,4) | (0,5) | (0,9) |
+-------+-------+-------+-------+-------+-------+-------+-------+-------+-------+-------+   +-------+-------+-------+-------+-------+-------+-------+-------+-------+-------+-------+
| (26,0)|   6   |   9   |   3   |   8   | (0,6) |(17,26)|   7   |   4   |   5   |   1   |   | (26,0)|   .   |   .   |   .   |   .   | (0,6) |(17,26)|   .   |   .   |   .   |   .   |
+-------+-------+-------+-------+-------+-------+-------+-------+-------+-------+-------+   +-------+-------+-------+-------+-------+-------+-------+-------+-------+-------+-------+
|   0   | (3,9) |   3   | (19,8)|   4   |   6   |   7   |   2   |   0   | (8,0) |   8   |   |   0   | (3,9) |   .   | (19,8)|   .   |   .   |   .   |   .   |   0   | (8,0) |   .   |
+-------+-------+-------+-------+-------+-------+-------+-------+-------+-------+-------+   +-------+-------+-------+-------+-------+-------+-------+-------+-------+-------+-------+
| (5,0) |   5   | (2,2) |   2   |   0   | (4,0) |   4   | (0,6) | (0,3) |   0   | (0,7) |   | (5,0) |   .   | (2,2) |   .   |   0   | (4,0) |   .   | (0,6) | (0,3) |   0   | (0,7) |
+-------+-------+-------+-------+-------+-------+-------+-------+-------+-------+-------+   +-------+-------+-------+-------+-------+-------+-------+-------+-------+-------+-------+
| (12,0)|   4   |   2   |   6   | (0,5) | (17,0)|   9   |   5   |   3   | (7,0) |   7   |   | (12,0)|   .   |   .   |   .   | (0,5) | (17,0)|   .   |   .   |   .   | (7,0) |   .   |
+-------+-------+-------+-------+-------+-------+-------+-------+-------+-------+-------+   +-------+-------+-------+-------+-------+-------+-------+-------+-------+-------+-------+
|   0   |   0   |   0   | (5,0) |   5   | (7,0) |   6   |   1   |   0   |   0   |   0   |   |   0   |   0   |   0   | (5,0) |   .   | (7,0) |   .   |   .   |   0   |   0   |   0   |
+-------+-------+-------+-------+-------+-------+-------+-------+-------+-------+-------+   +-------+-------+-------+-------+-------+-------+-------+-------+-------+-------+-------+

Generated output:
[[0, 0, 0, 0, 7, 10, 0, 11, 0, 3, 6], [0, 0, 7, 9, 0, 0, 8, 1, 9, 0, 0], [0, 7, 8, 0, 12, 0, 0, 0, 7, 0, 0], [8, 0, 0, 19, 5, 2, 1, 0, 7, 4, 8, 0], [0, 14, 0, 0, 0, 4, 0, 8, 0, 0], [0, 1, 6, 3, 12, 0, 0, 9, 4, 5, 9], [26, 0, 0, 0, 0, 6, 17, 26, 0, 0, 0], [0, 3, 9, 19, 8, 0, 0, 0, 0, 8, 0], [5, 0, 2, 2, 0, 4, 0, 6, 3, 0, 7], [12, 0, 0, 0, 5, 17, 0, 0, 0, 7, 0], [0, 0, 0, 5, 0, 7, 0, 0, 0, 0, 0]]
----------------------------------------

Problem ID : 23
Parse fail : False
Metrics    : {'cell_acc': 0.025, 'board_acc': 0.0, 'row_acc': 0.0, 'col_acc': 0.0}

                                         PUZZLE                                            PREDICTION (* = wrong)
+-------+-------+-------+-------+-------+-------+-------+-------+-------+-------+-------+   +-------+-------+-------+-------+-------+-------+-------+-------+-------+-------+-------+
|   0   | (0,19)|   0   |   0   | (0,6) | (0,4) | (0,11)| (0,2) | (0,19)| (0,8) | (0,15)|   |   0   | (0,19)|   0   |   0   | (0,6) | (0,4) | (0,11)| (0,2) | (0,19)| (0,8) | (0,15)|
+-------+-------+-------+-------+-------+-------+-------+-------+-------+-------+-------+   +-------+-------+-------+-------+-------+-------+-------+-------+-------+-------+-------+
| (7,0) |   7   |   0   | (37,0)|   6   |   4   |   5   |   2   |   3   |   8   |   9   |   | (7,0) |   *   |   0   | (37,0)|   *   |   *   |   *   |   *   |   *   |   *   |   *   |
+-------+-------+-------+-------+-------+-------+-------+-------+-------+-------+-------+   +-------+-------+-------+-------+-------+-------+-------+-------+-------+-------+-------+
| (4,0) |   4   |   0   |   0   | (0,14)| (6,3) |   6   | (9,0) |   9   | (5,0) |   5   |   | (4,0) |   *   |   0   |   0   | (0,14)| (6,3) |   *   | (9,0) |   *   | (5,0) |   *   |
+-------+-------+-------+-------+-------+-------+-------+-------+-------+-------+-------+   +-------+-------+-------+-------+-------+-------+-------+-------+-------+-------+-------+
| (8,0) |   8   | (0,2) | (5,0) |   2   |   3   |   0   | (7,0) |   7   | (1,14)|   1   |   | (8,0) |   *   | (0,2) | (5,0) |   *   |   *   |   0   | (7,0) |   7   | (1,14)|   *   |
+-------+-------+-------+-------+-------+-------+-------+-------+-------+-------+-------+   +-------+-------+-------+-------+-------+-------+-------+-------+-------+-------+-------+
|   0   | (2,0) |   2   | (7,0) |   7   |   0   |   0   |   0   | (5,2) |   5   |   0   |   |   0   | (2,0) |   *   | (7,0) |   *   |   0   |   0   |   0   | (5,2) |   *   |   0   |
+-------+-------+-------+-------+-------+-------+-------+-------+-------+-------+-------+   +-------+-------+-------+-------+-------+-------+-------+-------+-------+-------+-------+
|   0   |   0   | (0,9) | (5,0) |   5   |   0   |   0   | (6,7) |   2   |   4   |   0   |   |   0   |   0   | (0,9) | (5,0) |   *   |   0   |   0   | (6,7) |   *   |   *   |   0   |
+-------+-------+-------+-------+-------+-------+-------+-------+-------+-------+-------+   +-------+-------+-------+-------+-------+-------+-------+-------+-------+-------+-------+
|   0   | (9,0) |   9   |   0   |   0   | (0,9) | (7,0) |   7   | (2,4) |   2   | (0,16)|   |   0   | (9,0) |   *   |   0   |   0   | (0,9) | (7,0) |   *   | (2,4) |   *   | (0,16)|
+-------+-------+-------+-------+-------+-------+-------+-------+-------+-------+-------+   +-------+-------+-------+-------+-------+-------+-------+-------+-------+-------+-------+
|   0   | (0,9) |   0   |   0   | (1,0) |   1   |   0   | (15,0)|   4   |   3   |   8   |   |   0   | (0,9) |   0   |   0   | (1,0) |   *   |   0   | (15,0)|   *   |   *   |   *   |
+-------+-------+-------+-------+-------+-------+-------+-------+-------+-------+-------+   +-------+-------+-------+-------+-------+-------+-------+-------+-------+-------+-------+
| (9,0) |   9   |   0   | (0,8) | (8,9) |   8   |   0   |   0   |   0   | (6,7) |   6   |   | (9,0) |   *   |   0   | (0,8) | (8,9) |   *   |   0   |   0   |   0   | (6,7) |   *   |
+-------+-------+-------+-------+-------+-------+-------+-------+-------+-------+-------+   +-------+-------+-------+-------+-------+-------+-------+-------+-------+-------+-------+
|   0   | (0,1) | (17,0)|   8   |   9   |   0   | (0,2) |   0   | (3,0) |   1   |   2   |   |   0   | (0,1) | (17,0)|   *   |   *   |   0   | (0,2) |   0   | (3,0) |   *   |   *   |
+-------+-------+-------+-------+-------+-------+-------+-------+-------+-------+-------+   +-------+-------+-------+-------+-------+-------+-------+-------+-------+-------+-------+
| (1,0) |   1   |   0   |   0   |   0   | (2,0) |   2   |   0   | (6,0) |   6   |   0   |   | (1,0) |   *   |   0   |   0   |   0   | (2,0) |   *   |   0   | (6,0) |   *   |   0   |
+-------+-------+-------+-------+-------+-------+-------+-------+-------+-------+-------+   +-------+-------+-------+-------+-------+-------+-------+-------+-------+-------+-------+

Generated output:
[[1, 9, 0, 0, 6, 4, 11, 2, 19, 8, 15], [7, 0, 0, 37, 0, 0, 0, 0, 0, 0, 0], [4, 0, 0, 0, 14, 6, 3, 9, 0, 5, 0], [8, 0, 0, 2, 5, 0, 0, 0, 7, 0, 14], [2, 0, 7, 0, 0, 0, 0, 0, 5, 2, 0], [9, 0, 5, 0, 0, 0, 6, 7, 0, 0, 0], [9, 0, 0, 0, 9, 7, 0, 2, 4, 0, 16], [9, 0, 0, 0, 1, 0, 0, 15, 0, 0, 0], [9, 0, 0, 8, 8, 9, 0, 0, 0, 6, 7], [1, 0, 17, 0, 0, 0, 2, 0, 3, 0, 0], [1, 0, 0, 0, 0, 2, 0, 0, 6, 0, 0]]
----------------------------------------

Problem ID : 48
Parse fail : True
Metrics    : {'cell_acc': 0.0, 'board_acc': 0.0, 'row_acc': 0.0, 'col_acc': 0.0}

                                         PUZZLE                                            PREDICTION (parse failed)
+-------+-------+-------+-------+-------+-------+-------+-------+-------+-------+-------+   +-------+-------+-------+-------+-------+-------+-------+-------+-------+-------+-------+
|   0   |   0   |   0   |   0   |   0   |   0   | (0,5) | (0,6) |   0   |   0   |   0   |   |   0   |   0   |   0   |   0   |   0   |   0   | (0,5) | (0,6) |   0   |   0   |   0   |
+-------+-------+-------+-------+-------+-------+-------+-------+-------+-------+-------+   +-------+-------+-------+-------+-------+-------+-------+-------+-------+-------+-------+
|   0   | (0,5) | (0,6) | (0,3) |   0   | (11,1)|   5   |   6   |   0   |   0   |   0   |   |   0   | (0,5) | (0,6) | (0,3) |   0   | (11,1)|   .   |   .   |   0   |   0   |   0   |
+-------+-------+-------+-------+-------+-------+-------+-------+-------+-------+-------+   +-------+-------+-------+-------+-------+-------+-------+-------+-------+-------+-------+
| (14,0)|   5   |   6   |   3   | (1,0) |   1   | (0,6) |   0   | (0,10)| (0,7) |   0   |   | (14,0)|   .   |   .   |   .   | (1,0) |   .   | (0,6) |   0   | (0,10)| (0,7) |   0   |
+-------+-------+-------+-------+-------+-------+-------+-------+-------+-------+-------+   +-------+-------+-------+-------+-------+-------+-------+-------+-------+-------+-------+
|   0   | (0,4) |   0   | (0,5) | (0,9) | (6,0) |   6   | (8,1) |   1   |   7   | (0,18)|   |   0   | (0,4) |   0   | (0,5) | (0,9) | (6,0) |   .   | (8,1) |   .   |   .   | (0,18)|
+-------+-------+-------+-------+-------+-------+-------+-------+-------+-------+-------+   +-------+-------+-------+-------+-------+-------+-------+-------+-------+-------+-------+
| (4,0) |   4   | (12,8)|   5   |   7   | (0,9) | (10,1)|   1   |   9   | (6,0) |   6   |   | (4,0) |   .   | (12,8)|   .   |   .   | (0,9) | (10,1)|   .   |   .   | (6,0) |   .   |
+-------+-------+-------+-------+-------+-------+-------+-------+-------+-------+-------+   +-------+-------+-------+-------+-------+-------+-------+-------+-------+-------+-------+
|   0   | (8,21)|   8   | (7,1) |   2   |   4   |   1   | (0,10)| (0,3) | (7,18)|   7   |   |   0   | (8,21)|   .   | (7,1) |   .   |   .   |   .   | (0,10)| (0,3) | (7,18)|   .   |
+-------+-------+-------+-------+-------+-------+-------+-------+-------+-------+-------+   +-------+-------+-------+-------+-------+-------+-------+-------+-------+-------+-------+
| (8,0) |   8   | (1,0) |   1   | (5,0) |   5   | (23,9)|   7   |   3   |   9   |   4   |   | (8,0) |   .   | (1,0) |   .   | (5,0) |   .   | (23,9)|   .   |   .   |   .   |   .   |
+-------+-------+-------+-------+-------+-------+-------+-------+-------+-------+-------+   +-------+-------+-------+-------+-------+-------+-------+-------+-------+-------+-------+
| (7,0) |   7   | (0,3) |   0   |   0   | (12,7)|   9   |   3   | (5,2) |   4   |   1   |   | (7,0) |   .   | (0,3) |   0   |   0   | (12,7)|   .   |   .   | (5,2) |   .   |   .   |
+-------+-------+-------+-------+-------+-------+-------+-------+-------+-------+-------+   +-------+-------+-------+-------+-------+-------+-------+-------+-------+-------+-------+
| (7,0) |   6   |   1   |   0   | (7,0) |   7   |   0   | (7,0) |   2   |   5   | (0,3) |   | (7,0) |   .   |   .   |   0   | (7,0) |   .   |   0   | (7,0) |   .   |   .   | (0,3) |
+-------+-------+-------+-------+-------+-------+-------+-------+-------+-------+-------+   +-------+-------+-------+-------+-------+-------+-------+-------+-------+-------+-------+
|   0   | (2,0) |   2   | (0,7) | (0,4) | (0,8) |   0   | (0,5) |   0   | (3,2) |   3   |   |   0   | (2,0) |   .   | (0,7) | (0,4) | (0,8) |   0   | (0,5) |   0   | (3,2) |   .   |
+-------+-------+-------+-------+-------+-------+-------+-------+-------+-------+-------+   +-------+-------+-------+-------+-------+-------+-------+-------+-------+-------+-------+
|   0   |   0   | (19,0)|   7   |   4   |   8   | (5,0) |   5   | (2,0) |   2   |   0   |   |   0   |   0   | (19,0)|   .   |   .   |   .   | (5,0) |   .   | (2,0) |   .   |   0   |
+-------+-------+-------+-------+-------+-------+-------+-------+-------+-------+-------+   +-------+-------+-------+-------+-------+-------+-------+-------+-------+-------+-------+

Generated output:
[[0, 0, 0, 0, 0, 0, 5, 6, 0, 0, 0], [0, 5, 6, 3, 0, 11, 1, 0, 0, 0, 0], [14, 0, 0, 0, 1, 0, 6, 0, 10, 7, 0], [0, 4, 5, 9, 6, 0, 8, 1, 0, 18], [4, 0, 12, 8, 0, 9, 10, 1, 0, 6], [0, 8, 21, 7, 1, 0, 0, 10, 3, 18, 7], [8, 0, 1, 0, 5, 0, 23, 9, 0, 0, 0], [7, 0, 0, 3, 0, 12, 7, 5, 2, 0, 0], [7, 0, 0, 0, 7, 0, 0, 7, 0, 0, 3], [0, 2, 0, 7, 4, 8, 0, 5, 0, 3, 2], [0, 0, 19, 0, 0, 0, 5, 0, 2, 0, 0]]
----------------------------------------

Problem ID : 344
Parse fail : False
Metrics    : {'cell_acc': 0.14634146341463414, 'board_acc': 0.0, 'row_acc': 0.0, 'col_acc': 0.0}

                                         PUZZLE                                            PREDICTION (* = wrong)
+-------+-------+-------+-------+-------+-------+-------+-------+-------+-------+-------+   +-------+-------+-------+-------+-------+-------+-------+-------+-------+-------+-------+
|   0   |   0   |   0   | (0,2) |   0   |   0   |   0   |   0   | (0,7) | (0,15)| (0,3) |   |   0   |   0   |   0   | (0,2) |   0   |   0   |   0   |   0   | (0,7) | (0,15)| (0,3) |
+-------+-------+-------+-------+-------+-------+-------+-------+-------+-------+-------+   +-------+-------+-------+-------+-------+-------+-------+-------+-------+-------+-------+
|   0   | (0,2) | (2,31)|   2   |   0   |   0   |   0   | (16,0)|   7   |   6   |   3   |   |   0   | (0,2) | (2,31)|   *   |   0   |   0   |   0   | (16,0)|   *   |   *   |   *   |
+-------+-------+-------+-------+-------+-------+-------+-------+-------+-------+-------+   +-------+-------+-------+-------+-------+-------+-------+-------+-------+-------+-------+
| (5,0) |   2   |   3   | (0,4) | (0,8) | (0,9) |   0   |   0   | (9,0) |   9   |   0   |   | (5,0) |   *   |   *   | (0,4) | (0,8) | (0,9) |   0   |   0   | (9,0) |   *   |   0   |
+-------+-------+-------+-------+-------+-------+-------+-------+-------+-------+-------+   +-------+-------+-------+-------+-------+-------+-------+-------+-------+-------+-------+
|   0   | (26,0)|   6   |   3   |   8   |   9   |   0   |   0   |   0   | (0,9) |   0   |   |   0   | (26,0)|   *   |   *   |   *   |   *   |   0   |   0   |   0   | (0,9) |   0   |
+-------+-------+-------+-------+-------+-------+-------+-------+-------+-------+-------+   +-------+-------+-------+-------+-------+-------+-------+-------+-------+-------+-------+
|   0   | (6,0) |   5   |   1   | (0,1) | (0,8) |   0   |   0   | (2,5) |   2   |   0   |   |   0   | (6,0) |   *   |   1   | (0,1) | (0,8) |   0   |   0   | (2,5) |   *   |   0   |
+-------+-------+-------+-------+-------+-------+-------+-------+-------+-------+-------+   +-------+-------+-------+-------+-------+-------+-------+-------+-------+-------+-------+
|   0   | (2,1) |   2   | (9,0) |   1   |   8   | (0,7) | (10,0)|   3   |   7   | (0,7) |   |   0   | (2,1) |   *   | (9,0) |   1   |   *   | (0,7) | (10,0)|   *   |   *   | (0,7) |
+-------+-------+-------+-------+-------+-------+-------+-------+-------+-------+-------+   +-------+-------+-------+-------+-------+-------+-------+-------+-------+-------+-------+
| (9,0) |   1   |   8   |   0   |   0   | (4,4) |   4   | (2,14)|   2   | (7,0) |   7   |   | (9,0) |   1   |   *   |   0   |   0   | (4,4) |   *   | (2,14)|   *   | (7,0) |   *   |
+-------+-------+-------+-------+-------+-------+-------+-------+-------+-------+-------+   +-------+-------+-------+-------+-------+-------+-------+-------+-------+-------+-------+
|   0   | (7,14)|   7   |   0   | (13,9)|   1   |   3   |   9   | (0,6) | (0,1) | (0,9) |   |   0   | (7,14)|   *   |   0   | (13,9)|   1   |   *   |   *   | (0,6) | (0,1) | (0,9) |
+-------+-------+-------+-------+-------+-------+-------+-------+-------+-------+-------+   +-------+-------+-------+-------+-------+-------+-------+-------+-------+-------+-------+
| (8,0) |   8   |   0   | (7,0) |   4   |   3   | (21,9)|   5   |   6   |   1   |   9   |   | (8,0) |   *   |   0   | (7,0) |   *   |   *   | (21,9)|   *   |   *   |   1   |   *   |
+-------+-------+-------+-------+-------+-------+-------+-------+-------+-------+-------+   +-------+-------+-------+-------+-------+-------+-------+-------+-------+-------+-------+
| (6,0) |   6   | (0,1) | (5,0) |   5   | (9,0) |   9   | (0,4) |   0   | (0,3) |   0   |   | (6,0) |   *   | (0,1) | (5,0) |   *   | (9,0) |   *   | (0,4) |   0   | (0,3) |   0   |
+-------+-------+-------+-------+-------+-------+-------+-------+-------+-------+-------+   +-------+-------+-------+-------+-------+-------+-------+-------+-------+-------+-------+
|   0   | (1,0) |   1   |   0   |   0   |   0   | (4,0) |   4   | (3,0) |   3   |   0   |   |   0   | (1,0) |   1   |   0   |   0   |   0   | (4,0) |   *   | (3,0) |   *   |   0   |
+-------+-------+-------+-------+-------+-------+-------+-------+-------+-------+-------+   +-------+-------+-------+-------+-------+-------+-------+-------+-------+-------+-------+

Generated output:
[[1, 1, 1, 2, 1, 1, 1, 1, 1, 1, 1], [1, 1, 1, 1, 1, 1, 1, 1, 1, 1, 1], [1, 1, 1, 1, 1, 1, 1, 1, 1, 1, 1], [1, 1, 1, 1, 1, 1, 1, 1, 1, 1, 1], [1, 1, 1, 1, 1, 1, 1, 1, 1, 1, 1], [1, 1, 1, 1, 1, 1, 1, 1, 1, 1, 1], [1, 1, 1, 1, 1, 1, 1, 1, 1, 1, 1], [1, 1, 1, 1, 1, 1, 1, 1, 1, 1, 1], [1, 1, 1, 1, 1, 1, 1, 1, 1, 1, 1], [1, 1, 1, 1, 1, 1, 1, 1, 1, 1, 1], [1, 1, 1, 1, 1, 1, 1, 1, 1, 1, 1]]
----------------------------------------

Problem ID : 394
Parse fail : True
Metrics    : {'cell_acc': 0.0, 'board_acc': 0.0, 'row_acc': 0.0, 'col_acc': 0.0}

                                         PUZZLE                                            PREDICTION (parse failed)
+-------+-------+-------+-------+-------+-------+-------+-------+-------+-------+-------+   +-------+-------+-------+-------+-------+-------+-------+-------+-------+-------+-------+
|   0   | (0,7) | (0,7) | (0,2) | (0,6) |   0   |   0   | (0,16)|   0   |   0   |   0   |   |   0   | (0,7) | (0,7) | (0,2) | (0,6) |   0   |   0   | (0,16)|   0   |   0   |   0   |
+-------+-------+-------+-------+-------+-------+-------+-------+-------+-------+-------+   +-------+-------+-------+-------+-------+-------+-------+-------+-------+-------+-------+
| (16,0)|   1   |   7   |   2   |   6   | (0,13)| (8,0) |   8   | (0,4) |   0   |   0   |   | (16,0)|   .   |   .   |   .   |   .   | (0,13)| (8,0) |   .   | (0,4) |   0   |   0   |
+-------+-------+-------+-------+-------+-------+-------+-------+-------+-------+-------+   +-------+-------+-------+-------+-------+-------+-------+-------+-------+-------+-------+
| (6,0) |   6   |   0   |   0   | (9,0) |   9   | (9,16)|   5   |   4   | (0,15)|   0   |   | (6,0) |   .   |   0   |   0   | (9,0) |   .   | (9,16)|   .   |   .   | (0,15)|   0   |
+-------+-------+-------+-------+-------+-------+-------+-------+-------+-------+-------+   +-------+-------+-------+-------+-------+-------+-------+-------+-------+-------+-------+
|   0   |   0   |   0   | (0,5) |(14,16)|   4   |   7   |   3   | (8,19)|   8   | (0,3) |   |   0   |   0   |   0   | (0,5) |(14,16)|   .   |   .   |   .   | (8,19)|   .   | (0,3) |
+-------+-------+-------+-------+-------+-------+-------+-------+-------+-------+-------+   +-------+-------+-------+-------+-------+-------+-------+-------+-------+-------+-------+
|   0   |   0   | (6,9) |   5   |   1   | (9,3) |   9   | (18,0)|   8   |   7   |   3   |   |   0   |   0   | (6,9) |   .   |   .   | (9,3) |   .   | (18,0)|   .   |   .   |   .   |
+-------+-------+-------+-------+-------+-------+-------+-------+-------+-------+-------+   +-------+-------+-------+-------+-------+-------+-------+-------+-------+-------+-------+
|   0   | (9,0) |   9   | (10,0)|   7   |   3   |   0   | (5,0) |   5   | (0,15)|   0   |   |   0   | (9,0) |   .   | (10,0)|   .   |   .   |   0   | (5,0) |   .   | (0,15)|   0   |
+-------+-------+-------+-------+-------+-------+-------+-------+-------+-------+-------+   +-------+-------+-------+-------+-------+-------+-------+-------+-------+-------+-------+
|   0   |   0   | (0,5) | (8,6) |   8   |   0   |   0   | (9,0) |   6   |   3   |   0   |   |   0   |   0   | (0,5) | (8,6) |   .   |   0   |   0   | (9,0) |   .   |   .   |   0   |
+-------+-------+-------+-------+-------+-------+-------+-------+-------+-------+-------+   +-------+-------+-------+-------+-------+-------+-------+-------+-------+-------+-------+
|   0   | (9,0) |   3   |   6   |   0   | (0,5) | (0,1) |   0   | (4,0) |   4   |   0   |   |   0   | (9,0) |   .   |   .   |   0   | (0,5) | (0,1) |   0   | (4,0) |   .   |   0   |
+-------+-------+-------+-------+-------+-------+-------+-------+-------+-------+-------+   +-------+-------+-------+-------+-------+-------+-------+-------+-------+-------+-------+
|   0   | (2,0) |   2   |   0   | (6,0) |   5   |   1   | (0,7) | (6,10)|   6   |   0   |   |   0   | (2,0) |   .   |   0   | (6,0) |   .   |   .   | (0,7) | (6,10)|   .   |   0   |
+-------+-------+-------+-------+-------+-------+-------+-------+-------+-------+-------+   +-------+-------+-------+-------+-------+-------+-------+-------+-------+-------+-------+
|   0   |   0   | (0,4) | (0,3) | (0,5) |   0   | (18,0)|   7   |   9   |   2   | (0,8) |   |   0   |   0   | (0,4) | (0,3) | (0,5) |   0   | (18,0)|   .   |   .   |   .   | (0,8) |
+-------+-------+-------+-------+-------+-------+-------+-------+-------+-------+-------+   +-------+-------+-------+-------+-------+-------+-------+-------+-------+-------+-------+
|   0   | (12,0)|   4   |   3   |   5   |   0   |   0   | (1,0) |   1   | (8,0) |   8   |   |   0   | (12,0)|   .   |   .   |   .   |   0   |   0   | (1,0) |   .   | (8,0) |   .   |
+-------+-------+-------+-------+-------+-------+-------+-------+-------+-------+-------+   +-------+-------+-------+-------+-------+-------+-------+-------+-------+-------+-------+

Generated output:
[[0, (0, 7), (0, 7), (0, 2), (0, 6), 0, 0, (0, 16), 0, 0, 0], [(16, 0), 0, 0, 0, 0, (0, 13), 8, 0, 4, 0, 0], [(6, 0), 0, 0, 0, (9, 0), 0, 9, 0, 0, 0, 0], [0, 0, 0, (0, 5), (14, 16), 0, 0, 0, 8, 0, 0], [0, 0, (6, 9), 0, 0, (9, 3), 0, 0, 0, 0, 0], [0, (9, 0), 0, (10, 0), 0, 0, 0, 5, 0, 0, 0], [0, 0, (0, 5), 8, 6, 0, 0, 9, 0, 0, 0], [0, (9, 0), 0, 0, (0, 5), 1, 0, 4, 0, 0], [0, (2, 0), 0, 6, 0, 0, 0, 7, 6, 0, 0], [0, 0, (0, 4), 3, 5, 0, 0, 0, 0, 8], [0, (12, 0), 0, 0, 0, 0, 1, 0, 8, 0]]
----------------------------------------

Problem ID : 465
Parse fail : True
Metrics    : {'cell_acc': 0.0, 'board_acc': 0.0, 'row_acc': 0.0, 'col_acc': 0.0}

                                         PUZZLE                                            PREDICTION (parse failed)
+-------+-------+-------+-------+-------+-------+-------+-------+-------+-------+-------+   +-------+-------+-------+-------+-------+-------+-------+-------+-------+-------+-------+
|   0   |   0   |   0   |   0   | (0,8) | (0,2) |   0   |   0   | (0,4) |   0   |   0   |   |   0   |   0   |   0   |   0   | (0,8) | (0,2) |   0   |   0   | (0,4) |   0   |   0   |
+-------+-------+-------+-------+-------+-------+-------+-------+-------+-------+-------+   +-------+-------+-------+-------+-------+-------+-------+-------+-------+-------+-------+
|   0   | (0,4) |   0   | (10,0)|   8   |   2   |   0   | (3,8) |   3   | (0,34)|   0   |   |   0   | (0,4) |   0   | (10,0)|   .   |   .   |   0   | (3,8) |   .   | (0,34)|   0   |
+-------+-------+-------+-------+-------+-------+-------+-------+-------+-------+-------+   +-------+-------+-------+-------+-------+-------+-------+-------+-------+-------+-------+
| (4,0) |   4   |   0   | (0,9) | (0,9) | (0,12)| (13,1)|   3   |   1   |   9   | (0,2) |   | (4,0) |   .   |   0   | (0,9) | (0,9) | (0,12)| (13,1)|   .   |   .   |   .   | (0,2) |
+-------+-------+-------+-------+-------+-------+-------+-------+-------+-------+-------+   +-------+-------+-------+-------+-------+-------+-------+-------+-------+-------+-------+
|   0   |   0   | (24,0)|   6   |   9   |   3   |   1   |   5   | (10,0)|   8   |   2   |   |   0   |   0   | (24,0)|   .   |   .   |   .   |   .   |   .   | (10,0)|   .   |   .   |
+-------+-------+-------+-------+-------+-------+-------+-------+-------+-------+-------+   +-------+-------+-------+-------+-------+-------+-------+-------+-------+-------+-------+
|   0   | (0,3) | (3,0) |   3   | (9,13)|   9   |   0   | (0,1) | (7,0) |   7   |   0   |   |   0   | (0,3) | (3,0) |   .   | (9,13)|   .   |   0   | (0,1) | (7,0) |   .   |   0   |
+-------+-------+-------+-------+-------+-------+-------+-------+-------+-------+-------+   +-------+-------+-------+-------+-------+-------+-------+-------+-------+-------+-------+
| (3,0) |   3   | (0,8) | (5,8) |   5   | (0,5) | (1,0) |   1   | (2,0) |   2   | (0,6) |   | (3,0) |   .   | (0,8) | (5,8) |   .   | (0,5) | (1,0) |   .   | (2,0) |   .   | (0,6) |
+-------+-------+-------+-------+-------+-------+-------+-------+-------+-------+-------+   +-------+-------+-------+-------+-------+-------+-------+-------+-------+-------+-------+
|   0   | (16,0)|   2   |   8   |   1   |   5   |   0   |   0   | (10,8)|   4   |   6   |   |   0   | (16,0)|   .   |   .   |   .   |   .   |   0   |   0   | (10,8)|   .   |   .   |
+-------+-------+-------+-------+-------+-------+-------+-------+-------+-------+-------+   +-------+-------+-------+-------+-------+-------+-------+-------+-------+-------+-------+
|   0   | (6,0) |   6   | (7,0) |   7   |   0   |   0   | (9,0) |   8   |   1   | (0,4) |   |   0   | (6,0) |   .   | (7,0) |   .   |   0   |   0   | (9,0) |   .   |   .   | (0,4) |
+-------+-------+-------+-------+-------+-------+-------+-------+-------+-------+-------+   +-------+-------+-------+-------+-------+-------+-------+-------+-------+-------+-------+
|   0   |   0   |   0   |   0   | (0,6) |   0   |   0   | (0,7) | (7,0) |   3   |   4   |   |   0   |   0   |   0   |   0   | (0,6) |   0   |   0   | (0,7) | (7,0) |   .   |   .   |
+-------+-------+-------+-------+-------+-------+-------+-------+-------+-------+-------+   +-------+-------+-------+-------+-------+-------+-------+-------+-------+-------+-------+
|   0   | (0,2) |   0   | (6,1) |   6   | (0,4) | (7,3) |   7   | (0,7) | (0,5) | (0,8) |   |   0   | (0,2) |   0   | (6,1) |   .   | (0,4) | (7,3) |   .   | (0,7) | (0,5) | (0,8) |
+-------+-------+-------+-------+-------+-------+-------+-------+-------+-------+-------+   +-------+-------+-------+-------+-------+-------+-------+-------+-------+-------+-------+
| (2,0) |   2   | (1,0) |   1   | (7,0) |   4   |   3   | (20,0)|   7   |   5   |   8   |   | (2,0) |   .   | (1,0) |   .   | (7,0) |   .   |   .   | (20,0)|   .   |   .   |   .   |
+-------+-------+-------+-------+-------+-------+-------+-------+-------+-------+-------+   +-------+-------+-------+-------+-------+-------+-------+-------+-------+-------+-------+

Generated output:
[[0, 0, 0, 0, 8, 2, 0, 0, 4, 0, 0], [0, 4, 0, 10, 0, 0, 0, 3, 0, 34, 0], [4, 0, 0, 9, 9, 12, 13, 0, 0, 2], [0, 0, 24, 0, 0, 0, 0, 0, 10, 0], [0, 3, 3, 0, 9, 0, 0, 1, 7, 0], [3, 0, 8, 5, 0, 5, 1, 0, 2, 6], [0, 16, 0, 0, 0, 0, 0, 10, 8, 0], [0, 6, 0, 7, 0, 0, 0, 9, 0, 4], [0, 0, 0, 0, 6, 0, 0, 7, 7, 0], [0, 2, 0, 6, 1, 4, 7, 0, 7, 5, 8], [2, 0, 1, 0, 7, 0, 0, 20, 0, 0]]
----------------------------------------

Problem ID : 491
Parse fail : True
Metrics    : {'cell_acc': 0.0, 'board_acc': 0.0, 'row_acc': 0.0, 'col_acc': 0.0}

                                         PUZZLE                                            PREDICTION (parse failed)
+-------+-------+-------+-------+-------+-------+-------+-------+-------+-------+-------+   +-------+-------+-------+-------+-------+-------+-------+-------+-------+-------+-------+
|   0   |   0   | (0,7) | (0,1) |   0   | (0,6) | (0,11)|   0   |   0   | (0,9) | (0,2) |   |   0   |   0   | (0,7) | (0,1) |   0   | (0,6) | (0,11)|   0   |   0   | (0,9) | (0,2) |
+-------+-------+-------+-------+-------+-------+-------+-------+-------+-------+-------+   +-------+-------+-------+-------+-------+-------+-------+-------+-------+-------+-------+
|   0   | (5,4) |   4   |   1   | (11,0)|   6   |   5   |   0   |(11,12)|   9   |   2   |   |   0   | (5,4) |   .   |   .   | (11,0)|   .   |   .   |   0   |(11,12)|   .   |   .   |
+-------+-------+-------+-------+-------+-------+-------+-------+-------+-------+-------+   +-------+-------+-------+-------+-------+-------+-------+-------+-------+-------+-------+
| (7,0) |   4   |   3   |   0   |   0   | (6,2) |   6   | (9,0) |   9   |   0   |   0   |   | (7,0) |   .   |   .   |   0   |   0   | (6,2) |   .   | (9,0) |   .   |   0   |   0   |
+-------+-------+-------+-------+-------+-------+-------+-------+-------+-------+-------+   +-------+-------+-------+-------+-------+-------+-------+-------+-------+-------+-------+
|   0   | (0,16)|   0   | (0,9) | (2,13)|   2   | (0,7) | (3,0) |   3   |   0   | (0,14)|   |   0   | (0,16)|   0   | (0,9) | (2,13)|   .   | (0,7) | (3,0) |   .   |   0   | (0,14)|
+-------+-------+-------+-------+-------+-------+-------+-------+-------+-------+-------+   +-------+-------+-------+-------+-------+-------+-------+-------+-------+-------+-------+
| (2,0) |   2   | (15,0)|   9   |   6   | (7,0) |   7   | (0,9) |   0   | (4,0) |   4   |   | (2,0) |   .   | (15,0)|   .   |   .   | (7,0) |   .   | (0,9) |   0   | (4,0) |   .   |
+-------+-------+-------+-------+-------+-------+-------+-------+-------+-------+-------+   +-------+-------+-------+-------+-------+-------+-------+-------+-------+-------+-------+
| (6,0) |   6   |   0   | (7,6) |   7   | (0,1) | (2,9) |   2   | (0,5) | (1,2) |   1   |   | (6,0) |   .   |   0   | (7,6) |   .   | (0,1) | (2,9) |   .   | (0,5) | (1,2) |   .   |
+-------+-------+-------+-------+-------+-------+-------+-------+-------+-------+-------+   +-------+-------+-------+-------+-------+-------+-------+-------+-------+-------+-------+
| (8,0) |   8   | (6,0) |   6   | (28,4)|   1   |   4   |   7   |   5   |   2   |   9   |   | (8,0) |   .   | (6,0) |   .   | (28,4)|   .   |   .   |   .   |   .   |   .   |   .   |
+-------+-------+-------+-------+-------+-------+-------+-------+-------+-------+-------+   +-------+-------+-------+-------+-------+-------+-------+-------+-------+-------+-------+
|   0   |   0   | (0,6) | (3,0) |   3   | (2,0) |   2   |   0   |   0   |   0   |   0   |   |   0   |   0   | (0,6) | (3,0) |   .   | (2,0) |   .   |   0   |   0   |   0   |   0   |
+-------+-------+-------+-------+-------+-------+-------+-------+-------+-------+-------+   +-------+-------+-------+-------+-------+-------+-------+-------+-------+-------+-------+
|   0   | (6,0) |   6   | (1,0) |   1   | (3,17)|   3   |   0   |   0   |   0   |   0   |   |   0   | (6,0) |   .   | (1,0) |   .   | (3,17)|   .   |   0   |   0   |   0   |   0   |
+-------+-------+-------+-------+-------+-------+-------+-------+-------+-------+-------+   +-------+-------+-------+-------+-------+-------+-------+-------+-------+-------+-------+
|   0   |   0   |   0   | (0,7) | (9,0) |   9   | (0,1) |   0   | (0,6) | (0,5) |   0   |   |   0   |   0   |   0   | (0,7) | (9,0) |   .   | (0,1) |   0   | (0,6) | (0,5) |   0   |
+-------+-------+-------+-------+-------+-------+-------+-------+-------+-------+-------+   +-------+-------+-------+-------+-------+-------+-------+-------+-------+-------+-------+
|   0   |   0   | (7,0) |   7   | (9,0) |   8   |   1   | (11,0)|   6   |   5   |   0   |   |   0   |   0   | (7,0) |   .   | (9,0) |   .   |   .   | (11,0)|   .   |   .   |   0   |
+-------+-------+-------+-------+-------+-------+-------+-------+-------+-------+-------+   +-------+-------+-------+-------+-------+-------+-------+-------+-------+-------+-------+

Generated output:
[[1, 1, 7, 1, 1, 6, 11, 1, 1, 9, 2], [1, 5, 4, 1, 11, 1, 1, 1, 11, 12, 1], [7, 1, 1, 1, 1, 6, 2, 9, 1, 1, 1], [1, 16, 1, 9, 2, 13, 1, 7, 3, 1, 14], [2, 1, 15, 1, 1, 7, 1, 9, 1, 4, 1], [6, 1, 1, 7, 6, 1, 1, 2, 9, 5, 1, 1], [8, 1, 6, 1, 28, 4, 1, 1, 1, 1, 1], [1, 1, 6, 3, 1, 2, 1, 1, 1, 1, 1], [1, 6, 1, 1, 1, 3, 17, 1, 1, 1, 1], [1, 1, 1, 7, 9, 1, 1, 1, 6, 5, 1], [7, 1, 9, 1, 1, 1, 1, 11, 1, 1, 1]]
----------------------------------------

Problem ID : 380
Parse fail : True
Metrics    : {'cell_acc': 0.0, 'board_acc': 0.0, 'row_acc': 0.0, 'col_acc': 0.0}

                                         PUZZLE                                            PREDICTION (parse failed)
+-------+-------+-------+-------+-------+-------+-------+-------+-------+-------+-------+   +-------+-------+-------+-------+-------+-------+-------+-------+-------+-------+-------+
|   0   | (0,3) | (0,7) |   0   |   0   |   0   | (0,6) |   0   |   0   | (0,5) |   0   |   |   0   | (0,3) | (0,7) |   0   |   0   |   0   | (0,6) |   0   |   0   | (0,5) |   0   |
+-------+-------+-------+-------+-------+-------+-------+-------+-------+-------+-------+   +-------+-------+-------+-------+-------+-------+-------+-------+-------+-------+-------+
| (10,0)|   3   |   7   |   0   |   0   | (2,6) |   2   | (0,7) | (5,0) |   5   |   0   |   | (10,0)|   .   |   .   |   0   |   0   | (2,6) |   .   | (0,7) | (5,0) |   .   |   0   |
+-------+-------+-------+-------+-------+-------+-------+-------+-------+-------+-------+   +-------+-------+-------+-------+-------+-------+-------+-------+-------+-------+-------+
|   0   | (0,9) | (0,8) | (0,6) | (17,9)|   6   |   4   |   7   |   0   |   0   | (0,5) |   |   0   | (0,9) | (0,8) | (0,6) | (17,9)|   .   |   .   |   .   |   0   |   0   | (0,5) |
+-------+-------+-------+-------+-------+-------+-------+-------+-------+-------+-------+   +-------+-------+-------+-------+-------+-------+-------+-------+-------+-------+-------+
| (25,0)|   9   |   8   |   6   |   2   | (0,8) | (0,6) |   0   |   0   | (1,0) |   1   |   | (25,0)|   .   |   .   |   .   |   .   | (0,8) | (0,6) |   0   |   0   | (1,0) |   .   |
+-------+-------+-------+-------+-------+-------+-------+-------+-------+-------+-------+   +-------+-------+-------+-------+-------+-------+-------+-------+-------+-------+-------+
|   0   | (0,5) | (0,9) | (17,0)|   3   |   8   |   6   |   0   | (0,7) | (4,0) |   4   |   |   0   | (0,5) | (0,9) | (17,0)|   .   |   .   |   .   |   0   | (0,7) | (4,0) |   .   |
+-------+-------+-------+-------+-------+-------+-------+-------+-------+-------+-------+   +-------+-------+-------+-------+-------+-------+-------+-------+-------+-------+-------+
| (10,0)|   1   |   9   | (4,0) |   4   |   0   | (0,14)| (6,0) |   6   |   0   | (0,16)|   | (10,0)|   .   |   .   | (4,0) |   .   |   0   | (0,14)| (6,0) |   .   |   0   | (0,16)|
+-------+-------+-------+-------+-------+-------+-------+-------+-------+-------+-------+   +-------+-------+-------+-------+-------+-------+-------+-------+-------+-------+-------+
| (4,0) |   4   |   0   |   0   |   0   | (9,7) |   9   | (1,8) |   1   | (8,0) |   8   |   | (4,0) |   .   |   0   |   0   |   0   | (9,7) |   .   | (1,8) |   .   | (8,0) |   .   |
+-------+-------+-------+-------+-------+-------+-------+-------+-------+-------+-------+   +-------+-------+-------+-------+-------+-------+-------+-------+-------+-------+-------+
|   0   |   0   | (0,5) |   0   |(20,10)|   7   |   5   |   8   |   0   | (2,3) |   2   |   |   0   |   0   | (0,5) |   0   |(20,10)|   .   |   .   |   .   |   0   | (2,3) |   .   |
+-------+-------+-------+-------+-------+-------+-------+-------+-------+-------+-------+   +-------+-------+-------+-------+-------+-------+-------+-------+-------+-------+-------+
|   0   | (5,0) |   5   | (9,7) |   9   |   0   | (0,3) | (0,9) | (9,0) |   3   |   6   |   |   0   | (5,0) |   .   | (9,7) |   .   |   0   | (0,3) | (0,9) | (9,0) |   .   |   .   |
+-------+-------+-------+-------+-------+-------+-------+-------+-------+-------+-------+   +-------+-------+-------+-------+-------+-------+-------+-------+-------+-------+-------+
|   0   |   0   | (6,6) |   5   |   1   | (7,0) |   3   |   4   | (0,4) | (0,1) |   0   |   |   0   |   0   | (6,6) |   .   |   .   | (7,0) |   .   |   .   | (0,4) | (0,1) |   0   |
+-------+-------+-------+-------+-------+-------+-------+-------+-------+-------+-------+   +-------+-------+-------+-------+-------+-------+-------+-------+-------+-------+-------+
|   0   | (8,0) |   6   |   2   |   0   |   0   | (10,0)|   5   |   4   |   1   |   0   |   |   0   | (8,0) |   .   |   .   |   0   |   0   | (10,0)|   .   |   .   |   .   |   0   |
+-------+-------+-------+-------+-------+-------+-------+-------+-------+-------+-------+   +-------+-------+-------+-------+-------+-------+-------+-------+-------+-------+-------+

Generated output:
[[1, 3, 7, 0, 0, 0, 6, 0, 0, 5, 0], [9, 0, 0, 0, 0, 6, 0, 7, 5, 0, 0], [0, 9, 8, 6, 17, 0, 0, 0, 0, 0, 5], [0, 0, 0, 0, 0, 8, 6, 0, 0, 1, 0], [0, 5, 9, 17, 0, 0, 0, 0, 7, 4, 0], [0, 0, 0, 4, 0, 0, 14, 6, 0, 0, 16], [4, 0, 0, 0, 0, 9, 7, 1, 8, 8, 0], [0, 0, 5, 0, 20, 0, 0, 0, 2, 3], [0, 5, 0, 9, 7, 0, 3, 9, 9, 0, 0], [0, 0, 6, 0, 0, 7, 0, 0, 4, 1, 0], [0, 8, 0, 0, 0, 0, 10, 0, 0, 0, 0]]
----------------------------------------

Problem ID : 600
Parse fail : False
Metrics    : {'cell_acc': 0.06818181818181818, 'board_acc': 0.0, 'row_acc': 0.0, 'col_acc': 0.0}

                                         PUZZLE                                            PREDICTION (* = wrong)
+-------+-------+-------+-------+-------+-------+-------+-------+-------+-------+-------+   +-------+-------+-------+-------+-------+-------+-------+-------+-------+-------+-------+
|   0   |   0   |   0   |   0   | (0,1) |   0   | (0,17)|   0   | (0,2) |   0   | (0,15)|   |   0   |   0   |   0   |   0   | (0,1) |   0   | (0,17)|   0   | (0,2) |   0   | (0,15)|
+-------+-------+-------+-------+-------+-------+-------+-------+-------+-------+-------+   +-------+-------+-------+-------+-------+-------+-------+-------+-------+-------+-------+
|   0   | (0,1) |   0   | (1,7) |   1   | (4,5) |   4   | (2,9) |   2   | (6,0) |   6   |   |   0   | (0,1) |   0   | (1,7) |   *   | (4,5) |   *   | (2,9) |   *   | (6,0) |   *   |
+-------+-------+-------+-------+-------+-------+-------+-------+-------+-------+-------+   +-------+-------+-------+-------+-------+-------+-------+-------+-------+-------+-------+
| (1,0) |   1   | (4,0) |   4   | (17,0)|   5   |   3   |   9   |   0   | (2,18)|   2   |   | (1,0) |   *   | (4,0) |   4   | (17,0)|   *   |   *   |   *   |   0   | (2,18)|   *   |
+-------+-------+-------+-------+-------+-------+-------+-------+-------+-------+-------+   +-------+-------+-------+-------+-------+-------+-------+-------+-------+-------+-------+
|   0   | (0,5) | (3,12)|   3   |   0   | (2,0) |   2   | (0,6) |(16,13)|   9   |   7   |   |   0   | (0,5) | (3,12)|   *   |   0   | (2,0) |   *   | (0,6) |(16,13)|   *   |   *   |
+-------+-------+-------+-------+-------+-------+-------+-------+-------+-------+-------+   +-------+-------+-------+-------+-------+-------+-------+-------+-------+-------+-------+
| (8,0) |   5   |   3   |   0   |   0   |(22,19)|   8   |   6   |   7   |   1   |   0   |   | (8,0) |   *   |   3   |   0   |   0   |(22,19)|   *   |   *   |   *   |   *   |   0   |
+-------+-------+-------+-------+-------+-------+-------+-------+-------+-------+-------+   +-------+-------+-------+-------+-------+-------+-------+-------+-------+-------+-------+
|   0   | (9,0) |   9   | (0,16)| (4,0) |   4   |   0   | (11,5)|   6   |   5   | (0,1) |   |   0   | (9,0) |   *   | (0,16)| (4,0) |   *   |   0   | (11,5)|   *   |   *   | (0,1) |
+-------+-------+-------+-------+-------+-------+-------+-------+-------+-------+-------+   +-------+-------+-------+-------+-------+-------+-------+-------+-------+-------+-------+
|   0   |   0   | (9,8) |   9   | (8,3) |   8   | (5,0) |   5   | (4,0) |   3   |   1   |   |   0   |   0   | (9,8) |   *   | (8,3) |   *   | (5,0) |   *   | (4,0) |   *   |   *   |
+-------+-------+-------+-------+-------+-------+-------+-------+-------+-------+-------+   +-------+-------+-------+-------+-------+-------+-------+-------+-------+-------+-------+
|   0   | (13,0)|   1   |   2   |   3   |   7   | (0,9) |   0   |   0   |   0   | (0,15)|   |   0   | (13,0)|   *   |   *   |   *   |   *   | (0,9) |   0   |   0   |   0   | (0,15)|
+-------+-------+-------+-------+-------+-------+-------+-------+-------+-------+-------+   +-------+-------+-------+-------+-------+-------+-------+-------+-------+-------+-------+
|   0   | (12,0)|   7   |   5   |   0   | (9,2) |   9   |   0   | (0,12)| (8,0) |   8   |   |   0   | (12,0)|   *   |   *   |   0   | (9,2) |   *   |   0   | (0,12)| (8,0) |   *   |
+-------+-------+-------+-------+-------+-------+-------+-------+-------+-------+-------+   +-------+-------+-------+-------+-------+-------+-------+-------+-------+-------+-------+
|   0   |   0   | (0,6) |   0   | (2,0) |   2   |   0   | (3,0) |   3   | (4,7) |   4   |   |   0   |   0   | (0,6) |   0   | (2,0) |   *   |   0   | (3,0) |   *   | (4,7) |   *   |
+-------+-------+-------+-------+-------+-------+-------+-------+-------+-------+-------+   +-------+-------+-------+-------+-------+-------+-------+-------+-------+-------+-------+
|   0   | (6,0) |   6   |   0   |   0   |   0   |   0   | (19,0)|   9   |   7   |   3   |   |   0   | (6,0) |   *   |   0   |   0   |   0   |   0   | (19,0)|   9   |   *   |   *   |
+-------+-------+-------+-------+-------+-------+-------+-------+-------+-------+-------+   +-------+-------+-------+-------+-------+-------+-------+-------+-------+-------+-------+

Generated output:
[[1, 2, 3, 4, 5, 6, 7, 8, 9, 10, 11], [1, 2, 3, 4, 5, 6, 7, 8, 9, 10, 11], [1, 2, 3, 4, 5, 6, 7, 8, 9, 10, 11], [1, 2, 3, 4, 5, 6, 7, 8, 9, 10, 11], [1, 2, 3, 4, 5, 6, 7, 8, 9, 10, 11], [1, 2, 3, 4, 5, 6, 7, 8, 9, 10, 11], [1, 2, 3, 4, 5, 6, 7, 8, 9, 10, 11], [1, 2, 3, 4, 5, 6, 7, 8, 9, 10, 11], [1, 2, 3, 4, 5, 6, 7, 8, 9, 10, 11], [1, 2, 3, 4, 5, 6, 7, 8, 9, 10, 11], [1, 2, 3, 4, 5, 6, 7, 8, 9, 10, 11]]
----------------------------------------

