======================================================================
SUCCESSES  [medium  3-shot]  (0 samples)
======================================================================

======================================================================
FAILURES  [medium  3-shot]  (4 samples)
======================================================================

Problem ID : 4
Parse fail : True
Metrics    : {'cell_acc': 0.0, 'board_acc': 0.0, 'row_acc': 0.0, 'col_acc': 0.0}

                                         PUZZLE                                            PREDICTION (parse failed)
+-------+-------+-------+-------+-------+-------+-------+-------+-------+-------+-------+   +-------+-------+-------+-------+-------+-------+-------+-------+-------+-------+-------+
|   0   |   0   | (0,14)| (0,21)|   0   |   0   | (0,6) |   0   | (0,7) |   0   |   0   |   |   0   |   0   | (0,14)| (0,21)|   0   |   0   | (0,6) |   0   | (0,7) |   0   |   0   |
+-------+-------+-------+-------+-------+-------+-------+-------+-------+-------+-------+   +-------+-------+-------+-------+-------+-------+-------+-------+-------+-------+-------+
|   0   | (9,0) |   5   |   4   | (0,5) | (6,4) |   6   | (7,0) |   7   |   0   |   0   |   |   0   | (9,0) |   .   |   .   | (0,5) | (6,4) |   .   | (7,0) |   .   |   0   |   0   |
+-------+-------+-------+-------+-------+-------+-------+-------+-------+-------+-------+   +-------+-------+-------+-------+-------+-------+-------+-------+-------+-------+-------+
|   0   | (19,0)|   9   |   1   |   5   |   4   |   0   | (0,4) |   0   | (0,13)|   0   |   |   0   | (19,0)|   .   |   .   |   .   |   .   |   0   | (0,4) |   0   | (0,13)|   0   |
+-------+-------+-------+-------+-------+-------+-------+-------+-------+-------+-------+   +-------+-------+-------+-------+-------+-------+-------+-------+-------+-------+-------+
|   0   | (0,6) | (9,4) |   9   | (0,11)|   0   | (4,0) |   4   | (8,0) |   8   | (0,1) |   |   0   | (0,6) | (9,4) |   .   | (0,11)|   0   | (4,0) |   .   | (8,0) |   .   | (0,1) |
+-------+-------+-------+-------+-------+-------+-------+-------+-------+-------+-------+   +-------+-------+-------+-------+-------+-------+-------+-------+-------+-------+-------+
| (15,0)|   6   |   4   |   2   |   3   |   0   |   0   |   0   | (6,0) |   5   |   1   |   | (15,0)|   .   |   .   |   .   |   .   |   0   |   0   |   0   | (6,0) |   .   |   .   |
+-------+-------+-------+-------+-------+-------+-------+-------+-------+-------+-------+   +-------+-------+-------+-------+-------+-------+-------+-------+-------+-------+-------+
|   0   |   0   | (13,9)|   5   |   8   | (0,1) |   0   | (0,3) | (0,9) |   0   |   0   |   |   0   |   0   | (13,9)|   .   |   .   | (0,1) |   0   | (0,3) | (0,9) |   0   |   0   |
+-------+-------+-------+-------+-------+-------+-------+-------+-------+-------+-------+   +-------+-------+-------+-------+-------+-------+-------+-------+-------+-------+-------+
|   0   | (2,5) |   2   | (0,8) | (1,0) |   1   | (12,0)|   3   |   9   | (0,11)|   0   |   |   0   | (2,5) |   .   | (0,8) | (1,0) |   .   | (12,0)|   .   |   .   | (0,11)|   0   |
+-------+-------+-------+-------+-------+-------+-------+-------+-------+-------+-------+   +-------+-------+-------+-------+-------+-------+-------+-------+-------+-------+-------+
| (20,0)|   5   |   7   |   8   |   0   | (0,20)|   0   | (0,18)| (4,0) |   4   | (0,8) |   | (20,0)|   .   |   .   |   .   |   0   | (0,20)|   0   | (0,18)| (4,0) |   .   | (0,8) |
+-------+-------+-------+-------+-------+-------+-------+-------+-------+-------+-------+   +-------+-------+-------+-------+-------+-------+-------+-------+-------+-------+-------+
|   0   |   0   | (0,3) |   0   | (3,7) |   3   | (6,0) |   6   | (15,0)|   7   |   8   |   |   0   |   0   | (0,3) |   0   | (3,7) |   .   | (6,0) |   .   | (15,0)|   .   |   .   |
+-------+-------+-------+-------+-------+-------+-------+-------+-------+-------+-------+   +-------+-------+-------+-------+-------+-------+-------+-------+-------+-------+-------+
|   0   | (3,4) |   3   | (15,3)|   6   |   9   | (5,0) |   5   |   0   |   0   | (0,2) |   |   0   | (3,4) |   .   | (15,3)|   .   |   .   | (5,0) |   .   |   0   |   0   | (0,2) |
+-------+-------+-------+-------+-------+-------+-------+-------+-------+-------+-------+   +-------+-------+-------+-------+-------+-------+-------+-------+-------+-------+-------+
| (4,0) |   4   | (12,0)|   3   |   1   |   8   | (7,0) |   7   |   0   | (2,0) |   2   |   | (4,0) |   .   | (12,0)|   .   |   .   |   .   | (7,0) |   .   |   0   | (2,0) |   .   |
+-------+-------+-------+-------+-------+-------+-------+-------+-------+-------+-------+   +-------+-------+-------+-------+-------+-------+-------+-------+-------+-------+-------+

Generated output:
[[0, 0, (0, 14), (0, 21), 0, 0, (0, 6), 0, (0, 7), 0, 0], [0, (9, 0), 9, 5, (0, 5), 6, 4, 7, (7, 0), 3, 0, 0], [0, (19, 0), 9, 9, 9, 1, 0, (0, 4), 0, (0, 13), 0], [0, (0, 6), (9, 4), 9, (0, 11), 0, (4, 0), 5, 1, (8, 0), 2, (0, 1)], [(15, 0), 9, 6, 7, 8, 0, 0, 0, (6, 0), 9, 1], [0, 0, (13, 9), 9, 1, 0, 3,
----------------------------------------

Problem ID : 369
Parse fail : True
Metrics    : {'cell_acc': 0.0, 'board_acc': 0.0, 'row_acc': 0.0, 'col_acc': 0.0}

                                         PUZZLE                                            PREDICTION (parse failed)
+-------+-------+-------+-------+-------+-------+-------+-------+-------+-------+-------+   +-------+-------+-------+-------+-------+-------+-------+-------+-------+-------+-------+
|   0   |   0   | (0,21)|   0   | (0,17)|   0   | (0,4) |   0   |   0   | (0,7) | (0,5) |   |   0   |   0   | (0,21)|   0   | (0,17)|   0   | (0,4) |   0   |   0   | (0,7) | (0,5) |
+-------+-------+-------+-------+-------+-------+-------+-------+-------+-------+-------+   +-------+-------+-------+-------+-------+-------+-------+-------+-------+-------+-------+
|   0   | (6,8) |   6   | (8,0) |   8   | (4,2) |   4   |   0   | (12,6)|   7   |   5   |   |   0   | (6,8) |   .   | (8,0) |   .   | (4,2) |   .   |   0   | (12,6)|   .   |   .   |
+-------+-------+-------+-------+-------+-------+-------+-------+-------+-------+-------+   +-------+-------+-------+-------+-------+-------+-------+-------+-------+-------+-------+
| (15,0)|   8   |   7   | (11,0)|   9   |   2   | (0,5) | (6,0) |   6   |   0   | (0,7) |   | (15,0)|   .   |   .   | (11,0)|   .   |   .   | (0,5) | (6,0) |   .   |   0   | (0,7) |
+-------+-------+-------+-------+-------+-------+-------+-------+-------+-------+-------+   +-------+-------+-------+-------+-------+-------+-------+-------+-------+-------+-------+
|   0   | (8,7) |   8   |   0   | (0,5) | (5,0) |   5   | (0,2) |   0   | (7,4) |   7   |   |   0   | (8,7) |   .   |   0   | (0,5) | (5,0) |   .   | (0,2) |   0   | (7,4) |   .   |
+-------+-------+-------+-------+-------+-------+-------+-------+-------+-------+-------+   +-------+-------+-------+-------+-------+-------+-------+-------+-------+-------+-------+
| (7,0) |   7   |   0   | (3,0) |   3   |   0   | (2,0) |   2   | (4,0) |   4   | (0,8) |   | (7,0) |   .   |   0   | (3,0) |   .   |   0   | (2,0) |   .   | (4,0) |   .   | (0,8) |
+-------+-------+-------+-------+-------+-------+-------+-------+-------+-------+-------+   +-------+-------+-------+-------+-------+-------+-------+-------+-------+-------+-------+
|   0   |   0   | (0,3) | (2,6) |   2   | (0,8) |   0   |   0   | (0,7) | (8,0) |   8   |   |   0   |   0   | (0,3) | (2,6) |   .   | (0,8) |   0   |   0   | (0,7) | (8,0) |   .   |
+-------+-------+-------+-------+-------+-------+-------+-------+-------+-------+-------+   +-------+-------+-------+-------+-------+-------+-------+-------+-------+-------+-------+
|   0   | (9,2) |   3   |   6   | (1,7) |   1   | (0,14)| (7,0) |   7   | (0,18)|   0   |   |   0   | (9,2) |   .   |   .   | (1,7) |   .   | (0,14)| (7,0) |   .   | (0,18)|   0   |
+-------+-------+-------+-------+-------+-------+-------+-------+-------+-------+-------+   +-------+-------+-------+-------+-------+-------+-------+-------+-------+-------+-------+
| (2,0) |   2   |   0   | (21,2)|   6   |   7   |   8   |   0   | (1,3) |   1   | (0,4) |   | (2,0) |   .   |   0   | (21,2)|   .   |   .   |   .   |   0   | (1,3) |   .   | (0,4) |
+-------+-------+-------+-------+-------+-------+-------+-------+-------+-------+-------+   +-------+-------+-------+-------+-------+-------+-------+-------+-------+-------+-------+
|   0   |   0   | (3,2) |   2   |   1   | (6,6) |   6   | (16,1)|   3   |   9   |   4   |   |   0   |   0   | (3,2) |   .   |   .   | (6,6) |   .   | (16,1)|   .   |   .   |   .   |
+-------+-------+-------+-------+-------+-------+-------+-------+-------+-------+-------+   +-------+-------+-------+-------+-------+-------+-------+-------+-------+-------+-------+
|   0   | (2,0) |   2   |   0   | (6,7) |   6   | (1,2) |   1   | (8,0) |   8   |   0   |   |   0   | (2,0) |   .   |   0   | (6,7) |   .   | (1,2) |   .   | (8,0) |   .   |   0   |
+-------+-------+-------+-------+-------+-------+-------+-------+-------+-------+-------+   +-------+-------+-------+-------+-------+-------+-------+-------+-------+-------+-------+
|   0   |   0   |   0   | (7,0) |   7   | (2,0) |   2   |   0   |   0   |   0   |   0   |   |   0   |   0   |   0   | (7,0) |   .   | (2,0) |   .   |   0   |   0   |   0   |   0   |
+-------+-------+-------+-------+-------+-------+-------+-------+-------+-------+-------+   +-------+-------+-------+-------+-------+-------+-------+-------+-------+-------+-------+

Generated output:
[[0, 0, 0, ..., 0, 0, 0, 0, 0, 0, 0], [0, 0, 0, ..., 0, 0, 0, 0, 0, 0, 0], [0, 0, 0, ..., 0, 0, 0, 0, 0, 0, 0], [0, 0, 0, ..., 0, 0, 0, 0, 0, 0, 0], [0, 0, 0, ..., 0, 0, 0, 0, 0, 0, 0], [0, 0, 0, ..., 0, 0, 0, 0, 0, 0, 0], [0, 0, 0, ..., 0, 0, 0, 0, 0, 0, 0], [0, 0, 0, ..., 0, 0, 0, 0, 0, 0, 0], [0, 0, 
----------------------------------------

Problem ID : 450
Parse fail : True
Metrics    : {'cell_acc': 0.0, 'board_acc': 0.0, 'row_acc': 0.0, 'col_acc': 0.0}

                                         PUZZLE                                            PREDICTION (parse failed)
+-------+-------+-------+-------+-------+-------+-------+-------+-------+-------+-------+   +-------+-------+-------+-------+-------+-------+-------+-------+-------+-------+-------+
|   0   | (0,5) |   0   | (0,2) |   0   | (0,8) | (0,27)|   0   | (0,11)|   0   |   0   |   |   0   | (0,5) |   0   | (0,2) |   0   | (0,8) | (0,27)|   0   | (0,11)|   0   |   0   |
+-------+-------+-------+-------+-------+-------+-------+-------+-------+-------+-------+   +-------+-------+-------+-------+-------+-------+-------+-------+-------+-------+-------+
| (5,0) |   5   | (2,0) |   2   |(15,25)|   8   |   7   | (4,0) |   4   |   0   |   0   |   | (5,0) |   .   | (2,0) |   .   |(15,25)|   .   |   .   | (4,0) |   .   |   0   |   0   |
+-------+-------+-------+-------+-------+-------+-------+-------+-------+-------+-------+   +-------+-------+-------+-------+-------+-------+-------+-------+-------+-------+-------+
|   0   |   0   | (0,13)| (4,0) |   4   | (6,0) |   6   | (7,8) |   7   |   0   | (0,9) |   |   0   |   0   | (0,13)| (4,0) |   .   | (6,0) |   .   | (7,8) |   .   |   0   | (0,9) |
+-------+-------+-------+-------+-------+-------+-------+-------+-------+-------+-------+   +-------+-------+-------+-------+-------+-------+-------+-------+-------+-------+-------+
|   0   | (7,9) |   7   | (5,0) |   5   | (11,0)|   3   |   8   |   0   | (9,0) |   9   |   |   0   | (7,9) |   .   | (5,0) |   .   | (11,0)|   .   |   .   |   0   | (9,0) |   .   |
+-------+-------+-------+-------+-------+-------+-------+-------+-------+-------+-------+   +-------+-------+-------+-------+-------+-------+-------+-------+-------+-------+-------+
| (15,0)|   9   |   6   | (8,0) |   8   | (2,5) |   2   |   0   |   0   |   0   | (0,25)|   | (15,0)|   .   |   .   | (8,0) |   .   | (2,5) |   .   |   0   |   0   |   0   | (0,25)|
+-------+-------+-------+-------+-------+-------+-------+-------+-------+-------+-------+   +-------+-------+-------+-------+-------+-------+-------+-------+-------+-------+-------+
|   0   | (0,7) | (0,1) |(20,13)|   6   |   5   |   9   | (0,6) | (0,3) | (7,0) |   7   |   |   0   | (0,7) | (0,1) |(20,13)|   .   |   .   |   .   | (0,6) | (0,3) | (7,0) |   .   |
+-------+-------+-------+-------+-------+-------+-------+-------+-------+-------+-------+   +-------+-------+-------+-------+-------+-------+-------+-------+-------+-------+-------+
| (14,0)|   7   |   1   |   4   |   2   | (0,2) | (8,4) |   5   |   3   | (8,7) |   8   |   | (14,0)|   .   |   .   |   .   |   .   | (0,2) | (8,4) |   .   |   .   | (8,7) |   .   |
+-------+-------+-------+-------+-------+-------+-------+-------+-------+-------+-------+   +-------+-------+-------+-------+-------+-------+-------+-------+-------+-------+-------+
|   0   |   0   | (9,0) |   9   | (7,9) |   2   |   4   |   1   |(10,16)|   7   |   3   |   |   0   |   0   | (9,0) |   .   | (7,9) |   .   |   .   |   .   |(10,16)|   .   |   .   |
+-------+-------+-------+-------+-------+-------+-------+-------+-------+-------+-------+   +-------+-------+-------+-------+-------+-------+-------+-------+-------+-------+-------+
|   0   |   0   |   0   | (9,0) |   9   |   0   | (0,13)| (8,4) |   8   | (1,1) |   1   |   |   0   |   0   |   0   | (9,0) |   .   |   0   | (0,13)| (8,4) |   .   | (1,1) |   .   |
+-------+-------+-------+-------+-------+-------+-------+-------+-------+-------+-------+   +-------+-------+-------+-------+-------+-------+-------+-------+-------+-------+-------+
|   0   |   0   | (0,5) |   0   | (0,1) | (18,3)|   5   |   4   |   6   |   1   |   2   |   |   0   |   0   | (0,5) |   0   | (0,1) | (18,3)|   .   |   .   |   .   |   .   |   .   |
+-------+-------+-------+-------+-------+-------+-------+-------+-------+-------+-------+   +-------+-------+-------+-------+-------+-------+-------+-------+-------+-------+-------+
|   0   | (5,0) |   5   | (12,0)|   1   |   3   |   8   | (2,0) |   2   | (4,0) |   4   |   |   0   | (5,0) |   .   | (12,0)|   .   |   .   |   .   | (2,0) |   .   | (4,0) |   .   |
+-------+-------+-------+-------+-------+-------+-------+-------+-------+-------+-------+   +-------+-------+-------+-------+-------+-------+-------+-------+-------+-------+-------+

Generated output:
[[0, (0, 5), 0, (0, 2), 0, (0, 8), (0, 27), 0, (0, 11), 0, 0], [(5, 0), 5, 2, 1, 15, 25, 4, 7, 4, 0, 0, 0], [0, 0, (0, 13), 4, 9, 6, 0, 7, 8, 9, 0, (0, 9)], [0, (7, 9), 1, 5, 0, 11, 0, 6, 0, 9, 0, 9, 0], [(15, 0), 9, 8, 0, 2, 5, 0, 0, 0, 0, (0, 25)], [0, (0, 7), 1, (20, 13), 9, 0, 0, 6, 3, 7,
----------------------------------------

Problem ID : 674
Parse fail : True
Metrics    : {'cell_acc': 0.0, 'board_acc': 0.0, 'row_acc': 0.0, 'col_acc': 0.0}

                                         PUZZLE                                            PREDICTION (parse failed)
+-------+-------+-------+-------+-------+-------+-------+-------+-------+-------+-------+   +-------+-------+-------+-------+-------+-------+-------+-------+-------+-------+-------+
|   0   |   0   |   0   |   0   | (0,4) |   0   |   0   | (0,9) |   0   | (0,2) | (0,14)|   |   0   |   0   |   0   |   0   | (0,4) |   0   |   0   | (0,9) |   0   | (0,2) | (0,14)|
+-------+-------+-------+-------+-------+-------+-------+-------+-------+-------+-------+   +-------+-------+-------+-------+-------+-------+-------+-------+-------+-------+-------+
|   0   |   0   |   0   | (4,0) |   4   |   0   | (3,0) |   3   | (9,0) |   2   |   7   |   |   0   |   0   |   0   | (4,0) |   .   |   0   | (3,0) |   .   | (9,0) |   .   |   .   |
+-------+-------+-------+-------+-------+-------+-------+-------+-------+-------+-------+   +-------+-------+-------+-------+-------+-------+-------+-------+-------+-------+-------+
|   0   | (0,3) |   0   | (0,9) | (0,6) | (0,4) | (6,0) |   6   |   0   | (5,15)|   5   |   |   0   | (0,3) |   0   | (0,9) | (0,6) | (0,4) | (6,0) |   .   |   0   | (5,15)|   .   |
+-------+-------+-------+-------+-------+-------+-------+-------+-------+-------+-------+   +-------+-------+-------+-------+-------+-------+-------+-------+-------+-------+-------+
| (3,0) |   3   | (19,0)|   9   |   6   |   4   |   0   |   0   | (9,0) |   7   |   2   |   | (3,0) |   .   | (19,0)|   .   |   .   |   .   |   0   |   0   | (9,0) |   .   |   .   |
+-------+-------+-------+-------+-------+-------+-------+-------+-------+-------+-------+   +-------+-------+-------+-------+-------+-------+-------+-------+-------+-------+-------+
|   0   |   0   |   0   | (0,6) |   0   | (0,1) |   0   | (0,4) | (8,0) |   8   |   0   |   |   0   |   0   |   0   | (0,6) |   0   | (0,1) |   0   | (0,4) | (8,0) |   .   |   0   |
+-------+-------+-------+-------+-------+-------+-------+-------+-------+-------+-------+   +-------+-------+-------+-------+-------+-------+-------+-------+-------+-------+-------+
|   0   |   0   | (6,9) |   6   | (1,0) |   1   | (4,22)|   4   | (0,9) |   0   |   0   |   |   0   |   0   | (6,9) |   .   | (1,0) |   .   | (4,22)|   .   | (0,9) |   0   |   0   |
+-------+-------+-------+-------+-------+-------+-------+-------+-------+-------+-------+   +-------+-------+-------+-------+-------+-------+-------+-------+-------+-------+-------+
|   0   | (9,16)|   9   | (0,3) |   0   | (1,8) |   1   | (4,0) |   4   | (0,4) | (0,8) |   |   0   | (9,16)|   .   | (0,3) |   0   | (1,8) |   .   | (4,0) |   .   | (0,4) | (0,8) |
+-------+-------+-------+-------+-------+-------+-------+-------+-------+-------+-------+   +-------+-------+-------+-------+-------+-------+-------+-------+-------+-------+-------+
| (9,0) |   9   | (3,0) |   3   | (10,9)|   8   |   2   |(10,16)|   5   |   4   |   1   |   | (9,0) |   .   | (3,0) |   .   | (10,9)|   .   |   .   |(10,16)|   .   |   .   |   .   |
+-------+-------+-------+-------+-------+-------+-------+-------+-------+-------+-------+   +-------+-------+-------+-------+-------+-------+-------+-------+-------+-------+-------+
| (7,0) |   7   | (0,13)| (9,8) |   9   | (12,0)|   4   |   8   |   0   | (3,0) |   3   |   | (7,0) |   .   | (0,13)| (9,8) |   .   | (12,0)|   .   |   .   |   0   | (3,0) |   .   |
+-------+-------+-------+-------+-------+-------+-------+-------+-------+-------+-------+   +-------+-------+-------+-------+-------+-------+-------+-------+-------+-------+-------+
|   0   | (13,0)|   5   |   8   | (0,5) | (16,3)|   9   |   7   | (0,7) | (4,0) |   4   |   |   0   | (13,0)|   .   |   .   | (0,5) | (16,3)|   .   |   .   | (0,7) | (4,0) |   .   |
+-------+-------+-------+-------+-------+-------+-------+-------+-------+-------+-------+   +-------+-------+-------+-------+-------+-------+-------+-------+-------+-------+-------+
|   0   | (8,0) |   8   | (22,0)|   5   |   3   |   6   |   1   |   7   |   0   |   0   |   |   0   | (8,0) |   .   | (22,0)|   .   |   .   |   .   |   .   |   .   |   0   |   0   |
+-------+-------+-------+-------+-------+-------+-------+-------+-------+-------+-------+   +-------+-------+-------+-------+-------+-------+-------+-------+-------+-------+-------+

Generated output:
[[0, 0, 0, 0, (0, 4), 0, 0, (0, 9), 0, (0, 2), (0, 14)], [0, 0, 0, (4, 0), 4, 0, (3, 0), 3, (9, 0), 9, 5], [0, (0, 3), 0, (0, 9), (0, 6), (0, 4), (6, 0), 5, 1, (5, 15), 9], [(3, 0), 3, 19, 7, 2, 2, 0, 0, 9, 8, 1], [0, 0, 0, (0, 6), 0, (0, 1), 0, (0, 4), (8, 0), 8, 0], [0, 0, (6, 9), 6, 1, 0, (4, 22), 4, 0,
----------------------------------------

