======================================================================
SUCCESSES  [easy  0-shot]  (0 samples)
======================================================================

======================================================================
FAILURES  [easy  0-shot]  (10 samples)
======================================================================

Problem ID : 94
Parse fail : True
Metrics    : {'cell_acc': 0.0, 'board_acc': 0.0, 'row_acc': 0.0, 'col_acc': 0.0}

                                         PUZZLE                                            PREDICTION (parse failed)
+-------+-------+-------+-------+-------+-------+-------+-------+-------+-------+-------+   +-------+-------+-------+-------+-------+-------+-------+-------+-------+-------+-------+
|   0   | (0,23)|   0   |   0   | (0,7) |   0   | (0,3) |   0   |   0   | (0,5) | (0,1) |   |   0   | (0,23)|   0   |   0   | (0,7) |   0   | (0,3) |   0   |   0   | (0,5) | (0,1) |
+-------+-------+-------+-------+-------+-------+-------+-------+-------+-------+-------+   +-------+-------+-------+-------+-------+-------+-------+-------+-------+-------+-------+
| (8,0) |   8   | (0,4) | (7,0) |   7   | (3,0) |   3   | (0,3) | (6,16)|   5   |   1   |   | (8,0) |   .   | (0,4) | (7,0) |   .   | (3,0) |   .   | (0,3) | (6,16)|   .   |   .   |
+-------+-------+-------+-------+-------+-------+-------+-------+-------+-------+-------+   +-------+-------+-------+-------+-------+-------+-------+-------+-------+-------+-------+
| (9,0) |   5   |   4   | (0,2) | (0,5) |   0   | (11,9)|   3   |   8   | (0,8) | (0,22)|   | (9,0) |   .   |   .   | (0,2) | (0,5) |   0   | (11,9)|   .   |   .   | (0,8) | (0,22)|
+-------+-------+-------+-------+-------+-------+-------+-------+-------+-------+-------+   +-------+-------+-------+-------+-------+-------+-------+-------+-------+-------+-------+
| (4,0) |   4   | (7,0) |   2   |   5   | (1,3) |   1   | (20,9)|   3   |   8   |   9   |   | (4,0) |   .   | (7,0) |   .   |   .   | (1,3) |   .   | (20,9)|   .   |   .   |   .   |
+-------+-------+-------+-------+-------+-------+-------+-------+-------+-------+-------+   +-------+-------+-------+-------+-------+-------+-------+-------+-------+-------+-------+
| (6,0) |   6   | (0,17)|   0   | (25,0)|   3   |   8   |   9   |   5   | (7,9) |   7   |   | (6,0) |   .   | (0,17)|   0   | (25,0)|   .   |   .   |   .   |   .   | (7,9) |   .   |
+-------+-------+-------+-------+-------+-------+-------+-------+-------+-------+-------+   +-------+-------+-------+-------+-------+-------+-------+-------+-------+-------+-------+
|   0   | (3,0) |   3   | (0,24)|   0   |   0   |   0   | (0,19)| (15,9)|   9   |   6   |   |   0   | (3,0) |   .   | (0,24)|   0   |   0   |   0   | (0,19)| (15,9)|   .   |   .   |
+-------+-------+-------+-------+-------+-------+-------+-------+-------+-------+-------+   +-------+-------+-------+-------+-------+-------+-------+-------+-------+-------+-------+
|   0   | (15,0)|   8   |   7   |   0   |   0   | (11,0)|   2   |   9   |   0   | (0,3) |   |   0   | (15,0)|   .   |   .   |   0   |   0   | (11,0)|   .   |   .   |   0   | (0,3) |
+-------+-------+-------+-------+-------+-------+-------+-------+-------+-------+-------+   +-------+-------+-------+-------+-------+-------+-------+-------+-------+-------+-------+
|   0   | (14,0)|   6   |   8   |   0   | (0,23)| (5,0) |   5   |   0   | (3,0) |   3   |   |   0   | (14,0)|   .   |   .   |   0   | (0,23)| (5,0) |   .   |   0   | (3,0) |   .   |
+-------+-------+-------+-------+-------+-------+-------+-------+-------+-------+-------+   +-------+-------+-------+-------+-------+-------+-------+-------+-------+-------+-------+
|   0   |   0   | (6,3) |   6   | (9,0) |   9   | (8,2) |   8   |   0   |   0   | (0,5) |   |   0   |   0   | (6,3) |   .   | (9,0) |   .   | (8,2) |   .   |   0   |   0   | (0,5) |
+-------+-------+-------+-------+-------+-------+-------+-------+-------+-------+-------+   +-------+-------+-------+-------+-------+-------+-------+-------+-------+-------+-------+
|   0   | (4,7) |   1   |   3   | (12,0)|   6   |   2   |   4   | (0,4) | (5,0) |   5   |   |   0   | (4,7) |   .   |   .   | (12,0)|   .   |   .   |   .   | (0,4) | (5,0) |   .   |
+-------+-------+-------+-------+-------+-------+-------+-------+-------+-------+-------+   +-------+-------+-------+-------+-------+-------+-------+-------+-------+-------+-------+
| (9,0) |   7   |   2   |   0   | (8,0) |   8   |   0   | (4,0) |   4   |   0   |   0   |   | (9,0) |   .   |   .   |   0   | (8,0) |   .   |   0   | (4,0) |   .   |   0   |   0   |
+-------+-------+-------+-------+-------+-------+-------+-------+-------+-------+-------+   +-------+-------+-------+-------+-------+-------+-------+-------+-------+-------+-------+

Generated output:
[[1, 1, 1, 1, 7, 3, 3, 3, 5, 1], [8, 1, 4, 7, 3, 3, 3, 6, 1, 1], [9, 1, 2, 5, 1, 1, 9, 1, 8, 2], [4, 7, 1, 1, 3, 2, 9, 1, 1, 1], [3, 1, 1, 1, 1, 1, 1, 3], [1, 1, 1, 2, 3, 5, 3, 3], [6, 6, 3, 9, 8, 2, 5, 5], [4, 7, 1, 1, 2, 1, 1, 4, 5, 5], [9, 1, 1, 8, 4, 1, 1, 1, 1, 1]
]
----------------------------------------

Problem ID : 131
Parse fail : True
Metrics    : {'cell_acc': 0.0, 'board_acc': 0.0, 'row_acc': 0.0, 'col_acc': 0.0}

                                         PUZZLE                                            PREDICTION (parse failed)
+-------+-------+-------+-------+-------+-------+-------+-------+-------+-------+-------+   +-------+-------+-------+-------+-------+-------+-------+-------+-------+-------+-------+
|   0   |   0   |   0   |   0   | (0,7) | (0,10)|   0   | (0,11)|   0   | (0,3) | (0,6) |   |   0   |   0   |   0   |   0   | (0,7) | (0,10)|   0   | (0,11)|   0   | (0,3) | (0,6) |
+-------+-------+-------+-------+-------+-------+-------+-------+-------+-------+-------+   +-------+-------+-------+-------+-------+-------+-------+-------+-------+-------+-------+
|   0   |   0   | (0,7) | (9,0) |   7   |   2   | (8,1) |   8   | (9,0) |   3   |   6   |   |   0   |   0   | (0,7) | (9,0) |   .   |   .   | (8,1) |   .   | (9,0) |   .   |   .   |
+-------+-------+-------+-------+-------+-------+-------+-------+-------+-------+-------+   +-------+-------+-------+-------+-------+-------+-------+-------+-------+-------+-------+
|   0   | (7,8) |   7   |   0   | (12,0)|   8   |   1   |   3   | (0,7) |   0   |   0   |   |   0   | (7,8) |   .   |   0   | (12,0)|   .   |   .   |   .   | (0,7) |   0   |   0   |
+-------+-------+-------+-------+-------+-------+-------+-------+-------+-------+-------+   +-------+-------+-------+-------+-------+-------+-------+-------+-------+-------+-------+
| (8,0) |   8   | (0,19)| (0,5) | (0,2) | (0,1) |   0   | (7,4) |   7   | (0,8) |   0   |   | (8,0) |   .   | (0,19)| (0,5) | (0,2) | (0,1) |   0   | (7,4) |   .   | (0,8) |   0   |
+-------+-------+-------+-------+-------+-------+-------+-------+-------+-------+-------+   +-------+-------+-------+-------+-------+-------+-------+-------+-------+-------+-------+
|   0   | (14,0)|   6   |   5   |   2   |   1   | (4,0) |   4   | (8,0) |   8   |   0   |   |   0   | (14,0)|   .   |   .   |   .   |   .   | (4,0) |   .   | (8,0) |   .   |   0   |
+-------+-------+-------+-------+-------+-------+-------+-------+-------+-------+-------+   +-------+-------+-------+-------+-------+-------+-------+-------+-------+-------+-------+
|   0   | (1,6) |   1   | (0,3) | (0,12)|   0   |   0   | (0,9) | (0,4) | (0,5) | (0,9) |   |   0   | (1,6) |   .   | (0,3) | (0,12)|   0   |   0   | (0,9) | (0,4) | (0,5) | (0,9) |
+-------+-------+-------+-------+-------+-------+-------+-------+-------+-------+-------+   +-------+-------+-------+-------+-------+-------+-------+-------+-------+-------+-------+
| (26,0)|   6   |   9   |   3   |   8   | (0,6) |(17,26)|   7   |   4   |   5   |   1   |   | (26,0)|   .   |   .   |   .   |   .   | (0,6) |(17,26)|   .   |   .   |   .   |   .   |
+-------+-------+-------+-------+-------+-------+-------+-------+-------+-------+-------+   +-------+-------+-------+-------+-------+-------+-------+-------+-------+-------+-------+
|   0   | (3,9) |   3   | (19,8)|   4   |   6   |   7   |   2   |   0   | (8,0) |   8   |   |   0   | (3,9) |   .   | (19,8)|   .   |   .   |   .   |   .   |   0   | (8,0) |   .   |
+-------+-------+-------+-------+-------+-------+-------+-------+-------+-------+-------+   +-------+-------+-------+-------+-------+-------+-------+-------+-------+-------+-------+
| (5,0) |   5   | (2,2) |   2   |   0   | (4,0) |   4   | (0,6) | (0,3) |   0   | (0,7) |   | (5,0) |   .   | (2,2) |   .   |   0   | (4,0) |   .   | (0,6) | (0,3) |   0   | (0,7) |
+-------+-------+-------+-------+-------+-------+-------+-------+-------+-------+-------+   +-------+-------+-------+-------+-------+-------+-------+-------+-------+-------+-------+
| (12,0)|   4   |   2   |   6   | (0,5) | (17,0)|   9   |   5   |   3   | (7,0) |   7   |   | (12,0)|   .   |   .   |   .   | (0,5) | (17,0)|   .   |   .   |   .   | (7,0) |   .   |
+-------+-------+-------+-------+-------+-------+-------+-------+-------+-------+-------+   +-------+-------+-------+-------+-------+-------+-------+-------+-------+-------+-------+
|   0   |   0   |   0   | (5,0) |   5   | (7,0) |   6   |   1   |   0   |   0   |   0   |   |   0   |   0   |   0   | (5,0) |   .   | (7,0) |   .   |   .   |   0   |   0   |   0   |
+-------+-------+-------+-------+-------+-------+-------+-------+-------+-------+-------+   +-------+-------+-------+-------+-------+-------+-------+-------+-------+-------+-------+

Generated output:
[[1, 2, 3, 4, 7, 5, 6, 8, 3, 6], [1, 1, 7, 9, 1, 8, 1, 9, 1, 1], [7, 8, 1, 4, 4, 4, 4, 7, 1, 1], [8, 1, 9, 5, 2, 1, 7, 4, 8, 8, 1, 6, 3, 4, 9, 4, 5, 9], [6, 6, 6, 6, 6, 6, 3, 9, 8, 8, 8, 5, 2, 2, 4, 6, 3, 7], [5, 5, 5, 5, 5, 7, 7, 7, 7, 7, 7, 5, 5, 7, 7, 7, 7, 7]
]
----------------------------------------

Problem ID : 48
Parse fail : True
Metrics    : {'cell_acc': 0.0, 'board_acc': 0.0, 'row_acc': 0.0, 'col_acc': 0.0}

                                         PUZZLE                                            PREDICTION (parse failed)
+-------+-------+-------+-------+-------+-------+-------+-------+-------+-------+-------+   +-------+-------+-------+-------+-------+-------+-------+-------+-------+-------+-------+
|   0   |   0   |   0   |   0   |   0   |   0   | (0,5) | (0,6) |   0   |   0   |   0   |   |   0   |   0   |   0   |   0   |   0   |   0   | (0,5) | (0,6) |   0   |   0   |   0   |
+-------+-------+-------+-------+-------+-------+-------+-------+-------+-------+-------+   +-------+-------+-------+-------+-------+-------+-------+-------+-------+-------+-------+
|   0   | (0,5) | (0,6) | (0,3) |   0   | (11,1)|   5   |   6   |   0   |   0   |   0   |   |   0   | (0,5) | (0,6) | (0,3) |   0   | (11,1)|   .   |   .   |   0   |   0   |   0   |
+-------+-------+-------+-------+-------+-------+-------+-------+-------+-------+-------+   +-------+-------+-------+-------+-------+-------+-------+-------+-------+-------+-------+
| (14,0)|   5   |   6   |   3   | (1,0) |   1   | (0,6) |   0   | (0,10)| (0,7) |   0   |   | (14,0)|   .   |   .   |   .   | (1,0) |   .   | (0,6) |   0   | (0,10)| (0,7) |   0   |
+-------+-------+-------+-------+-------+-------+-------+-------+-------+-------+-------+   +-------+-------+-------+-------+-------+-------+-------+-------+-------+-------+-------+
|   0   | (0,4) |   0   | (0,5) | (0,9) | (6,0) |   6   | (8,1) |   1   |   7   | (0,18)|   |   0   | (0,4) |   0   | (0,5) | (0,9) | (6,0) |   .   | (8,1) |   .   |   .   | (0,18)|
+-------+-------+-------+-------+-------+-------+-------+-------+-------+-------+-------+   +-------+-------+-------+-------+-------+-------+-------+-------+-------+-------+-------+
| (4,0) |   4   | (12,8)|   5   |   7   | (0,9) | (10,1)|   1   |   9   | (6,0) |   6   |   | (4,0) |   .   | (12,8)|   .   |   .   | (0,9) | (10,1)|   .   |   .   | (6,0) |   .   |
+-------+-------+-------+-------+-------+-------+-------+-------+-------+-------+-------+   +-------+-------+-------+-------+-------+-------+-------+-------+-------+-------+-------+
|   0   | (8,21)|   8   | (7,1) |   2   |   4   |   1   | (0,10)| (0,3) | (7,18)|   7   |   |   0   | (8,21)|   .   | (7,1) |   .   |   .   |   .   | (0,10)| (0,3) | (7,18)|   .   |
+-------+-------+-------+-------+-------+-------+-------+-------+-------+-------+-------+   +-------+-------+-------+-------+-------+-------+-------+-------+-------+-------+-------+
| (8,0) |   8   | (1,0) |   1   | (5,0) |   5   | (23,9)|   7   |   3   |   9   |   4   |   | (8,0) |   .   | (1,0) |   .   | (5,0) |   .   | (23,9)|   .   |   .   |   .   |   .   |
+-------+-------+-------+-------+-------+-------+-------+-------+-------+-------+-------+   +-------+-------+-------+-------+-------+-------+-------+-------+-------+-------+-------+
| (7,0) |   7   | (0,3) |   0   |   0   | (12,7)|   9   |   3   | (5,2) |   4   |   1   |   | (7,0) |   .   | (0,3) |   0   |   0   | (12,7)|   .   |   .   | (5,2) |   .   |   .   |
+-------+-------+-------+-------+-------+-------+-------+-------+-------+-------+-------+   +-------+-------+-------+-------+-------+-------+-------+-------+-------+-------+-------+
| (7,0) |   6   |   1   |   0   | (7,0) |   7   |   0   | (7,0) |   2   |   5   | (0,3) |   | (7,0) |   .   |   .   |   0   | (7,0) |   .   |   0   | (7,0) |   .   |   .   | (0,3) |
+-------+-------+-------+-------+-------+-------+-------+-------+-------+-------+-------+   +-------+-------+-------+-------+-------+-------+-------+-------+-------+-------+-------+
|   0   | (2,0) |   2   | (0,7) | (0,4) | (0,8) |   0   | (0,5) |   0   | (3,2) |   3   |   |   0   | (2,0) |   .   | (0,7) | (0,4) | (0,8) |   0   | (0,5) |   0   | (3,2) |   .   |
+-------+-------+-------+-------+-------+-------+-------+-------+-------+-------+-------+   +-------+-------+-------+-------+-------+-------+-------+-------+-------+-------+-------+
|   0   |   0   | (19,0)|   7   |   4   |   8   | (5,0) |   5   | (2,0) |   2   |   0   |   |   0   |   0   | (19,0)|   .   |   .   |   .   | (5,0) |   .   | (2,0) |   .   |   0   |
+-------+-------+-------+-------+-------+-------+-------+-------+-------+-------+-------+   +-------+-------+-------+-------+-------+-------+-------+-------+-------+-------+-------+

Generated output:
[
    [1, 2, 3, 4, 5, 6, 7, 8, 9, 0],
    [5, 6, 3, 0, 1, 0, 0, 0, 0, 0],
    [0, 0, 1, 0, 6, 0, 0, 0, 7, 0],
    [4, 5, 9, 6, 0, 8, 1, 0, 6, 0],
    [8, 7, 1, 0, 10, 0, 3, 0, 7, 0],
    [8, 1, 5, 0, 9, 0, 0, 0, 0, 0],
    [2, 0, 7, 4, 8, 0, 5, 3, 0],
    [0, 0, 0, 0, 0, 5, 2, 0, 0]
]
----------------------------------------

Problem ID : 344
Parse fail : True
Metrics    : {'cell_acc': 0.0, 'board_acc': 0.0, 'row_acc': 0.0, 'col_acc': 0.0}

                                         PUZZLE                                            PREDICTION (parse failed)
+-------+-------+-------+-------+-------+-------+-------+-------+-------+-------+-------+   +-------+-------+-------+-------+-------+-------+-------+-------+-------+-------+-------+
|   0   |   0   |   0   | (0,2) |   0   |   0   |   0   |   0   | (0,7) | (0,15)| (0,3) |   |   0   |   0   |   0   | (0,2) |   0   |   0   |   0   |   0   | (0,7) | (0,15)| (0,3) |
+-------+-------+-------+-------+-------+-------+-------+-------+-------+-------+-------+   +-------+-------+-------+-------+-------+-------+-------+-------+-------+-------+-------+
|   0   | (0,2) | (2,31)|   2   |   0   |   0   |   0   | (16,0)|   7   |   6   |   3   |   |   0   | (0,2) | (2,31)|   .   |   0   |   0   |   0   | (16,0)|   .   |   .   |   .   |
+-------+-------+-------+-------+-------+-------+-------+-------+-------+-------+-------+   +-------+-------+-------+-------+-------+-------+-------+-------+-------+-------+-------+
| (5,0) |   2   |   3   | (0,4) | (0,8) | (0,9) |   0   |   0   | (9,0) |   9   |   0   |   | (5,0) |   .   |   .   | (0,4) | (0,8) | (0,9) |   0   |   0   | (9,0) |   .   |   0   |
+-------+-------+-------+-------+-------+-------+-------+-------+-------+-------+-------+   +-------+-------+-------+-------+-------+-------+-------+-------+-------+-------+-------+
|   0   | (26,0)|   6   |   3   |   8   |   9   |   0   |   0   |   0   | (0,9) |   0   |   |   0   | (26,0)|   .   |   .   |   .   |   .   |   0   |   0   |   0   | (0,9) |   0   |
+-------+-------+-------+-------+-------+-------+-------+-------+-------+-------+-------+   +-------+-------+-------+-------+-------+-------+-------+-------+-------+-------+-------+
|   0   | (6,0) |   5   |   1   | (0,1) | (0,8) |   0   |   0   | (2,5) |   2   |   0   |   |   0   | (6,0) |   .   |   .   | (0,1) | (0,8) |   0   |   0   | (2,5) |   .   |   0   |
+-------+-------+-------+-------+-------+-------+-------+-------+-------+-------+-------+   +-------+-------+-------+-------+-------+-------+-------+-------+-------+-------+-------+
|   0   | (2,1) |   2   | (9,0) |   1   |   8   | (0,7) | (10,0)|   3   |   7   | (0,7) |   |   0   | (2,1) |   .   | (9,0) |   .   |   .   | (0,7) | (10,0)|   .   |   .   | (0,7) |
+-------+-------+-------+-------+-------+-------+-------+-------+-------+-------+-------+   +-------+-------+-------+-------+-------+-------+-------+-------+-------+-------+-------+
| (9,0) |   1   |   8   |   0   |   0   | (4,4) |   4   | (2,14)|   2   | (7,0) |   7   |   | (9,0) |   .   |   .   |   0   |   0   | (4,4) |   .   | (2,14)|   .   | (7,0) |   .   |
+-------+-------+-------+-------+-------+-------+-------+-------+-------+-------+-------+   +-------+-------+-------+-------+-------+-------+-------+-------+-------+-------+-------+
|   0   | (7,14)|   7   |   0   | (13,9)|   1   |   3   |   9   | (0,6) | (0,1) | (0,9) |   |   0   | (7,14)|   .   |   0   | (13,9)|   .   |   .   |   .   | (0,6) | (0,1) | (0,9) |
+-------+-------+-------+-------+-------+-------+-------+-------+-------+-------+-------+   +-------+-------+-------+-------+-------+-------+-------+-------+-------+-------+-------+
| (8,0) |   8   |   0   | (7,0) |   4   |   3   | (21,9)|   5   |   6   |   1   |   9   |   | (8,0) |   .   |   0   | (7,0) |   .   |   .   | (21,9)|   .   |   .   |   .   |   .   |
+-------+-------+-------+-------+-------+-------+-------+-------+-------+-------+-------+   +-------+-------+-------+-------+-------+-------+-------+-------+-------+-------+-------+
| (6,0) |   6   | (0,1) | (5,0) |   5   | (9,0) |   9   | (0,4) |   0   | (0,3) |   0   |   | (6,0) |   .   | (0,1) | (5,0) |   .   | (9,0) |   .   | (0,4) |   0   | (0,3) |   0   |
+-------+-------+-------+-------+-------+-------+-------+-------+-------+-------+-------+   +-------+-------+-------+-------+-------+-------+-------+-------+-------+-------+-------+
|   0   | (1,0) |   1   |   0   |   0   |   0   | (4,0) |   4   | (3,0) |   3   |   0   |   |   0   | (1,0) |   .   |   0   |   0   |   0   | (4,0) |   .   | (3,0) |   .   |   0   |
+-------+-------+-------+-------+-------+-------+-------+-------+-------+-------+-------+   +-------+-------+-------+-------+-------+-------+-------+-------+-------+-------+-------+

Generated output:
[[1, 1, 1, 2, 1, 1, 7, 5, 3], [2, 2, 1, 1, 1, 1, 1, 1, 1], [5, 1, 4, 8, 9, 1, 1, 9, 1], [1, 1, 1, 1, 1, 1, 9, 1], [6, 1, 1, 8, 1, 1, 2, 5, 1], [9, 2, 1, 4, 4, 2, 7, 7, 7], [7, 1, 9, 1, 6, 1,1], [8, 1, 7, 9, 9, 1, 1], [6, 1, 5, 9, 1, 4, 1, 3, 1], [1, 1, 1, 1, 1, 4, 3, 1, 1]]
----------------------------------------

Problem ID : 380
Parse fail : True
Metrics    : {'cell_acc': 0.0, 'board_acc': 0.0, 'row_acc': 0.0, 'col_acc': 0.0}

                                         PUZZLE                                            PREDICTION (parse failed)
+-------+-------+-------+-------+-------+-------+-------+-------+-------+-------+-------+   +-------+-------+-------+-------+-------+-------+-------+-------+-------+-------+-------+
|   0   | (0,3) | (0,7) |   0   |   0   |   0   | (0,6) |   0   |   0   | (0,5) |   0   |   |   0   | (0,3) | (0,7) |   0   |   0   |   0   | (0,6) |   0   |   0   | (0,5) |   0   |
+-------+-------+-------+-------+-------+-------+-------+-------+-------+-------+-------+   +-------+-------+-------+-------+-------+-------+-------+-------+-------+-------+-------+
| (10,0)|   3   |   7   |   0   |   0   | (2,6) |   2   | (0,7) | (5,0) |   5   |   0   |   | (10,0)|   .   |   .   |   0   |   0   | (2,6) |   .   | (0,7) | (5,0) |   .   |   0   |
+-------+-------+-------+-------+-------+-------+-------+-------+-------+-------+-------+   +-------+-------+-------+-------+-------+-------+-------+-------+-------+-------+-------+
|   0   | (0,9) | (0,8) | (0,6) | (17,9)|   6   |   4   |   7   |   0   |   0   | (0,5) |   |   0   | (0,9) | (0,8) | (0,6) | (17,9)|   .   |   .   |   .   |   0   |   0   | (0,5) |
+-------+-------+-------+-------+-------+-------+-------+-------+-------+-------+-------+   +-------+-------+-------+-------+-------+-------+-------+-------+-------+-------+-------+
| (25,0)|   9   |   8   |   6   |   2   | (0,8) | (0,6) |   0   |   0   | (1,0) |   1   |   | (25,0)|   .   |   .   |   .   |   .   | (0,8) | (0,6) |   0   |   0   | (1,0) |   .   |
+-------+-------+-------+-------+-------+-------+-------+-------+-------+-------+-------+   +-------+-------+-------+-------+-------+-------+-------+-------+-------+-------+-------+
|   0   | (0,5) | (0,9) | (17,0)|   3   |   8   |   6   |   0   | (0,7) | (4,0) |   4   |   |   0   | (0,5) | (0,9) | (17,0)|   .   |   .   |   .   |   0   | (0,7) | (4,0) |   .   |
+-------+-------+-------+-------+-------+-------+-------+-------+-------+-------+-------+   +-------+-------+-------+-------+-------+-------+-------+-------+-------+-------+-------+
| (10,0)|   1   |   9   | (4,0) |   4   |   0   | (0,14)| (6,0) |   6   |   0   | (0,16)|   | (10,0)|   .   |   .   | (4,0) |   .   |   0   | (0,14)| (6,0) |   .   |   0   | (0,16)|
+-------+-------+-------+-------+-------+-------+-------+-------+-------+-------+-------+   +-------+-------+-------+-------+-------+-------+-------+-------+-------+-------+-------+
| (4,0) |   4   |   0   |   0   |   0   | (9,7) |   9   | (1,8) |   1   | (8,0) |   8   |   | (4,0) |   .   |   0   |   0   |   0   | (9,7) |   .   | (1,8) |   .   | (8,0) |   .   |
+-------+-------+-------+-------+-------+-------+-------+-------+-------+-------+-------+   +-------+-------+-------+-------+-------+-------+-------+-------+-------+-------+-------+
|   0   |   0   | (0,5) |   0   |(20,10)|   7   |   5   |   8   |   0   | (2,3) |   2   |   |   0   |   0   | (0,5) |   0   |(20,10)|   .   |   .   |   .   |   0   | (2,3) |   .   |
+-------+-------+-------+-------+-------+-------+-------+-------+-------+-------+-------+   +-------+-------+-------+-------+-------+-------+-------+-------+-------+-------+-------+
|   0   | (5,0) |   5   | (9,7) |   9   |   0   | (0,3) | (0,9) | (9,0) |   3   |   6   |   |   0   | (5,0) |   .   | (9,7) |   .   |   0   | (0,3) | (0,9) | (9,0) |   .   |   .   |
+-------+-------+-------+-------+-------+-------+-------+-------+-------+-------+-------+   +-------+-------+-------+-------+-------+-------+-------+-------+-------+-------+-------+
|   0   |   0   | (6,6) |   5   |   1   | (7,0) |   3   |   4   | (0,4) | (0,1) |   0   |   |   0   |   0   | (6,6) |   .   |   .   | (7,0) |   .   |   .   | (0,4) | (0,1) |   0   |
+-------+-------+-------+-------+-------+-------+-------+-------+-------+-------+-------+   +-------+-------+-------+-------+-------+-------+-------+-------+-------+-------+-------+
|   0   | (8,0) |   6   |   2   |   0   |   0   | (10,0)|   5   |   4   |   1   |   0   |   |   0   | (8,0) |   .   |   .   |   0   |   0   | (10,0)|   .   |   .   |   .   |   0   |
+-------+-------+-------+-------+-------+-------+-------+-------+-------+-------+-------+   +-------+-------+-------+-------+-------+-------+-------+-------+-------+-------+-------+

Generated output:
```
[[1, 3, 7, 1, 1, 8, 6, 1, 5, 1], [1, 1, 1, 1, 2, 6, 7, 5, 1, 1], [9], [10], [5], [1, 5, 9, 1, 8, 6, 1, 7, 4, 1], [1, 1, 4, 1, 2, 7, 6, 1, 8, 1], [4, 1, 5, 7, 9, 1, 8, 2, 3, 8], [1, 5, 9, 7, 8, 2, 3, 9, 9, 1], [1, 1, 6, 6, 1, 7, 9, 4, 1, 1], [1, 8, 1, 1, 1, 1, 9, 1, 1, 1]]
```
----------------------------------------

Problem ID : 600
Parse fail : True
Metrics    : {'cell_acc': 0.0, 'board_acc': 0.0, 'row_acc': 0.0, 'col_acc': 0.0}

                                         PUZZLE                                            PREDICTION (parse failed)
+-------+-------+-------+-------+-------+-------+-------+-------+-------+-------+-------+   +-------+-------+-------+-------+-------+-------+-------+-------+-------+-------+-------+
|   0   |   0   |   0   |   0   | (0,1) |   0   | (0,17)|   0   | (0,2) |   0   | (0,15)|   |   0   |   0   |   0   |   0   | (0,1) |   0   | (0,17)|   0   | (0,2) |   0   | (0,15)|
+-------+-------+-------+-------+-------+-------+-------+-------+-------+-------+-------+   +-------+-------+-------+-------+-------+-------+-------+-------+-------+-------+-------+
|   0   | (0,1) |   0   | (1,7) |   1   | (4,5) |   4   | (2,9) |   2   | (6,0) |   6   |   |   0   | (0,1) |   0   | (1,7) |   .   | (4,5) |   .   | (2,9) |   .   | (6,0) |   .   |
+-------+-------+-------+-------+-------+-------+-------+-------+-------+-------+-------+   +-------+-------+-------+-------+-------+-------+-------+-------+-------+-------+-------+
| (1,0) |   1   | (4,0) |   4   | (17,0)|   5   |   3   |   9   |   0   | (2,18)|   2   |   | (1,0) |   .   | (4,0) |   .   | (17,0)|   .   |   .   |   .   |   0   | (2,18)|   .   |
+-------+-------+-------+-------+-------+-------+-------+-------+-------+-------+-------+   +-------+-------+-------+-------+-------+-------+-------+-------+-------+-------+-------+
|   0   | (0,5) | (3,12)|   3   |   0   | (2,0) |   2   | (0,6) |(16,13)|   9   |   7   |   |   0   | (0,5) | (3,12)|   .   |   0   | (2,0) |   .   | (0,6) |(16,13)|   .   |   .   |
+-------+-------+-------+-------+-------+-------+-------+-------+-------+-------+-------+   +-------+-------+-------+-------+-------+-------+-------+-------+-------+-------+-------+
| (8,0) |   5   |   3   |   0   |   0   |(22,19)|   8   |   6   |   7   |   1   |   0   |   | (8,0) |   .   |   .   |   0   |   0   |(22,19)|   .   |   .   |   .   |   .   |   0   |
+-------+-------+-------+-------+-------+-------+-------+-------+-------+-------+-------+   +-------+-------+-------+-------+-------+-------+-------+-------+-------+-------+-------+
|   0   | (9,0) |   9   | (0,16)| (4,0) |   4   |   0   | (11,5)|   6   |   5   | (0,1) |   |   0   | (9,0) |   .   | (0,16)| (4,0) |   .   |   0   | (11,5)|   .   |   .   | (0,1) |
+-------+-------+-------+-------+-------+-------+-------+-------+-------+-------+-------+   +-------+-------+-------+-------+-------+-------+-------+-------+-------+-------+-------+
|   0   |   0   | (9,8) |   9   | (8,3) |   8   | (5,0) |   5   | (4,0) |   3   |   1   |   |   0   |   0   | (9,8) |   .   | (8,3) |   .   | (5,0) |   .   | (4,0) |   .   |   .   |
+-------+-------+-------+-------+-------+-------+-------+-------+-------+-------+-------+   +-------+-------+-------+-------+-------+-------+-------+-------+-------+-------+-------+
|   0   | (13,0)|   1   |   2   |   3   |   7   | (0,9) |   0   |   0   |   0   | (0,15)|   |   0   | (13,0)|   .   |   .   |   .   |   .   | (0,9) |   0   |   0   |   0   | (0,15)|
+-------+-------+-------+-------+-------+-------+-------+-------+-------+-------+-------+   +-------+-------+-------+-------+-------+-------+-------+-------+-------+-------+-------+
|   0   | (12,0)|   7   |   5   |   0   | (9,2) |   9   |   0   | (0,12)| (8,0) |   8   |   |   0   | (12,0)|   .   |   .   |   0   | (9,2) |   .   |   0   | (0,12)| (8,0) |   .   |
+-------+-------+-------+-------+-------+-------+-------+-------+-------+-------+-------+   +-------+-------+-------+-------+-------+-------+-------+-------+-------+-------+-------+
|   0   |   0   | (0,6) |   0   | (2,0) |   2   |   0   | (3,0) |   3   | (4,7) |   4   |   |   0   |   0   | (0,6) |   0   | (2,0) |   .   |   0   | (3,0) |   .   | (4,7) |   .   |
+-------+-------+-------+-------+-------+-------+-------+-------+-------+-------+-------+   +-------+-------+-------+-------+-------+-------+-------+-------+-------+-------+-------+
|   0   | (6,0) |   6   |   0   |   0   |   0   |   0   | (19,0)|   9   |   7   |   3   |   |   0   | (6,0) |   .   |   0   |   0   |   0   |   0   | (19,0)|   .   |   .   |   .   |
+-------+-------+-------+-------+-------+-------+-------+-------+-------+-------+-------+   +-------+-------+-------+-------+-------+-------+-------+-------+-------+-------+-------+

Generated output:
[[0,0,0,0,0,0,0,0,0,0],[0,0,0,0,0,0,0,0,0,0],[0,0,0,0,0,0,0,0,0,0,0,0,0,0,0,0],[0,0,0,0,0,0,0,0,0,0],[0,0,0,0,0,0,0,0,0,0],[0,0,0,0,0,0,0,0,0,0],[0,0,0,0,0,0,0,0,0,0],[0,0,0,0,0,0,0,0,0,0],[0,0,0,0,0,0,0,0,0,0],[0,0,0,0,0,0,0,0,0,0],[0,0,0,0,0,0,0,0,0,0],[0,0,0,0,0,0,0,0,0,10]]
----------------------------------------

Problem ID : 580
Parse fail : True
Metrics    : {'cell_acc': 0.0, 'board_acc': 0.0, 'row_acc': 0.0, 'col_acc': 0.0}

                                         PUZZLE                                            PREDICTION (parse failed)
+-------+-------+-------+-------+-------+-------+-------+-------+-------+-------+-------+   +-------+-------+-------+-------+-------+-------+-------+-------+-------+-------+-------+
|   0   | (0,5) | (0,6) | (0,14)|   0   | (0,7) |   0   |   0   | (0,12)| (0,3) | (0,9) |   |   0   | (0,5) | (0,6) | (0,14)|   0   | (0,7) |   0   |   0   | (0,12)| (0,3) | (0,9) |
+-------+-------+-------+-------+-------+-------+-------+-------+-------+-------+-------+   +-------+-------+-------+-------+-------+-------+-------+-------+-------+-------+-------+
| (19,0)|   5   |   6   |   8   | (7,0) |   7   |   0   | (16,4)|   4   |   3   |   9   |   | (19,0)|   .   |   .   |   .   | (7,0) |   .   |   0   | (16,4)|   .   |   .   |   .   |
+-------+-------+-------+-------+-------+-------+-------+-------+-------+-------+-------+   +-------+-------+-------+-------+-------+-------+-------+-------+-------+-------+-------+
|   0   |   0   | (6,0) |   6   |   0   | (0,1) |(12,27)|   4   |   8   | (0,11)|   0   |   |   0   |   0   | (6,0) |   .   |   0   | (0,1) |(12,27)|   .   |   .   | (0,11)|   0   |
+-------+-------+-------+-------+-------+-------+-------+-------+-------+-------+-------+   +-------+-------+-------+-------+-------+-------+-------+-------+-------+-------+-------+
|   0   | (0,8) |   0   | (0,15)| (9,0) |   1   |   8   |   0   | (7,0) |   7   | (0,2) |   |   0   | (0,8) |   0   | (0,15)| (9,0) |   .   |   .   |   0   | (7,0) |   .   | (0,2) |
+-------+-------+-------+-------+-------+-------+-------+-------+-------+-------+-------+   +-------+-------+-------+-------+-------+-------+-------+-------+-------+-------+-------+
| (8,0) |   8   | (1,0) |   1   | (0,6) | (3,0) |   3   |   0   | (6,0) |   4   |   2   |   | (8,0) |   .   | (1,0) |   .   | (0,6) | (3,0) |   .   |   0   | (6,0) |   .   |   .   |
+-------+-------+-------+-------+-------+-------+-------+-------+-------+-------+-------+   +-------+-------+-------+-------+-------+-------+-------+-------+-------+-------+-------+
|   0   | (0,10)| (11,0)|   5   |   6   | (2,5) |   2   |   0   |   0   | (0,1) |   0   |   |   0   | (0,10)| (11,0)|   .   |   .   | (2,5) |   .   |   0   |   0   | (0,1) |   0   |
+-------+-------+-------+-------+-------+-------+-------+-------+-------+-------+-------+   +-------+-------+-------+-------+-------+-------+-------+-------+-------+-------+-------+
| (7,0) |   7   | (9,0) |   9   | (11,0)|   5   |   6   | (0,14)| (1,0) |   1   | (0,8) |   | (7,0) |   .   | (9,0) |   .   | (11,0)|   .   |   .   | (0,14)| (1,0) |   .   | (0,8) |
+-------+-------+-------+-------+-------+-------+-------+-------+-------+-------+-------+   +-------+-------+-------+-------+-------+-------+-------+-------+-------+-------+-------+
| (3,0) |   3   |   0   |   0   |   0   |(10,18)|   1   |   9   |   0   | (8,11)|   8   |   | (3,0) |   .   |   0   |   0   |   0   |(10,18)|   .   |   .   |   0   | (8,11)|   .   |
+-------+-------+-------+-------+-------+-------+-------+-------+-------+-------+-------+   +-------+-------+-------+-------+-------+-------+-------+-------+-------+-------+-------+
|   0   |   0   |   0   |   0   | (16,7)|   4   |   7   |   5   | (6,0) |   6   |   0   |   |   0   |   0   |   0   |   0   | (16,7)|   .   |   .   |   .   | (6,0) |   .   |   0   |
+-------+-------+-------+-------+-------+-------+-------+-------+-------+-------+-------+   +-------+-------+-------+-------+-------+-------+-------+-------+-------+-------+-------+
|   0   | (0,9) |   0   | (15,3)|   7   |   8   |   0   | (0,1) | (5,0) |   5   |   0   |   |   0   | (0,9) |   0   | (15,3)|   .   |   .   |   0   | (0,1) | (5,0) |   .   |   0   |
+-------+-------+-------+-------+-------+-------+-------+-------+-------+-------+-------+   +-------+-------+-------+-------+-------+-------+-------+-------+-------+-------+-------+
| (9,0) |   9   | (3,0) |   3   | (6,0) |   6   | (1,0) |   1   |   0   |   0   |   0   |   | (9,0) |   .   | (3,0) |   .   | (6,0) |   .   | (1,0) |   .   |   0   |   0   |   0   |
+-------+-------+-------+-------+-------+-------+-------+-------+-------+-------+-------+   +-------+-------+-------+-------+-------+-------+-------+-------+-------+-------+-------+

Generated output:
[[5, 6, 4, 1, 7, 1, 2, 3, 9], [1, 1, 1, 7, 1, 1, 4, 1, 1], [1, 6, 1, 1, 1, 1, 1, 1, 1], [8, 1, 5, 9, 1, 1, 1, 7, 2], [8, 1, 6, 3, 1, 1, 6, 1],[7, 9, 1, 5, 2, 4, 1, 8], [3, 1, 1, 1, 1, 1, 8, 1], [1, 1, 1, 7, 1, 1, 6, 1], [1, 9, 5, 3, 1, 1, 5, 1], [9, 3, 1, 6, 1, 1, 1, 1, 1]]
----------------------------------------

Problem ID : 618
Parse fail : True
Metrics    : {'cell_acc': 0.0, 'board_acc': 0.0, 'row_acc': 0.0, 'col_acc': 0.0}

                                         PUZZLE                                            PREDICTION (parse failed)
+-------+-------+-------+-------+-------+-------+-------+-------+-------+-------+-------+   +-------+-------+-------+-------+-------+-------+-------+-------+-------+-------+-------+
|   0   | (0,3) | (0,12)|   0   |   0   | (0,7) |   0   | (0,2) | (0,15)|   0   | (0,19)|   |   0   | (0,3) | (0,12)|   0   |   0   | (0,7) |   0   | (0,2) | (0,15)|   0   | (0,19)|
+-------+-------+-------+-------+-------+-------+-------+-------+-------+-------+-------+   +-------+-------+-------+-------+-------+-------+-------+-------+-------+-------+-------+
| (7,0) |   3   |   4   | (0,4) | (6,0) |   6   | (7,0) |   2   |   5   | (9,0) |   9   |   | (7,0) |   .   |   .   | (0,4) | (6,0) |   .   | (7,0) |   .   |   .   | (9,0) |   .   |
+-------+-------+-------+-------+-------+-------+-------+-------+-------+-------+-------+   +-------+-------+-------+-------+-------+-------+-------+-------+-------+-------+-------+
|   0   | (12,6)|   8   |   4   | (1,0) |   1   |   0   | (9,0) |   9   | (6,2) |   6   |   |   0   | (12,6)|   .   |   .   | (1,0) |   .   |   0   | (9,0) |   .   | (6,2) |   .   |
+-------+-------+-------+-------+-------+-------+-------+-------+-------+-------+-------+   +-------+-------+-------+-------+-------+-------+-------+-------+-------+-------+-------+
| (6,0) |   6   | (0,10)|   0   | (0,14)|   0   |   0   | (7,0) |   1   |   2   |   4   |   | (6,0) |   .   | (0,10)|   0   | (0,14)|   0   |   0   | (7,0) |   .   |   .   |   .   |
+-------+-------+-------+-------+-------+-------+-------+-------+-------+-------+-------+   +-------+-------+-------+-------+-------+-------+-------+-------+-------+-------+-------+
|   0   | (1,3) |   1   | (7,0) |   7   |   0   | (0,6) |   0   |   0   | (0,7) | (0,5) |   |   0   | (1,3) |   .   | (7,0) |   .   |   0   | (0,6) |   0   |   0   | (0,7) | (0,5) |
+-------+-------+-------+-------+-------+-------+-------+-------+-------+-------+-------+   +-------+-------+-------+-------+-------+-------+-------+-------+-------+-------+-------+
| (10,0)|   1   |   9   | (2,15)|   2   | (6,3) |   6   |   0   |(12,18)|   7   |   5   |   | (10,0)|   .   |   .   | (2,15)|   .   | (6,3) |   .   |   0   |(12,18)|   .   |   .   |
+-------+-------+-------+-------+-------+-------+-------+-------+-------+-------+-------+   +-------+-------+-------+-------+-------+-------+-------+-------+-------+-------+-------+
| (2,0) |   2   | (16,3)|   9   |   4   |   3   | (0,15)| (6,0) |   6   | (0,5) |   0   |   | (2,0) |   .   | (16,3)|   .   |   .   |   .   | (0,15)| (6,0) |   .   | (0,5) |   0   |
+-------+-------+-------+-------+-------+-------+-------+-------+-------+-------+-------+   +-------+-------+-------+-------+-------+-------+-------+-------+-------+-------+-------+
|   0   | (10,0)|   3   |   6   |   1   | (8,2) |   8   | (9,4) |   4   |   5   |   0   |   |   0   | (10,0)|   .   |   .   |   .   | (8,2) |   .   | (9,4) |   .   |   .   |   0   |
+-------+-------+-------+-------+-------+-------+-------+-------+-------+-------+-------+   +-------+-------+-------+-------+-------+-------+-------+-------+-------+-------+-------+
|   0   | (0,4) |   0   | (0,5) | (20,0)|   2   |   7   |   3   |   8   |   0   |   0   |   |   0   | (0,4) |   0   | (0,5) | (20,0)|   .   |   .   |   .   |   .   |   0   |   0   |
+-------+-------+-------+-------+-------+-------+-------+-------+-------+-------+-------+   +-------+-------+-------+-------+-------+-------+-------+-------+-------+-------+-------+
| (4,0) |   4   | (5,0) |   5   | (0,8) |   0   | (1,0) |   1   |   0   | (0,6) |   0   |   | (4,0) |   .   | (5,0) |   .   | (0,8) |   0   | (1,0) |   .   |   0   | (0,6) |   0   |
+-------+-------+-------+-------+-------+-------+-------+-------+-------+-------+-------+   +-------+-------+-------+-------+-------+-------+-------+-------+-------+-------+-------+
|   0   |   0   |   0   | (8,0) |   8   |   0   |   0   |   0   | (6,0) |   6   |   0   |   |   0   |   0   |   0   | (8,0) |   .   |   0   |   0   |   0   | (6,0) |   .   |   0   |
+-------+-------+-------+-------+-------+-------+-------+-------+-------+-------+-------+   +-------+-------+-------+-------+-------+-------+-------+-------+-------+-------+-------+

Generated output:
[[0,0,0,0,0,0,0,0,0,0,0],[0,0,0,0,0,0,0,0,0,0,0],[0,0,0,0,0,0,0,0,0,0,0],[0,0,0,0,0,0,0,0,0,0,0],[0,0,0,0,0,0,0,0,0,0,0],[0,0,0,0,0,0,0,0,0,0,0], [0,0,0,0,0,0,0,0,0,0],[0,0,0,0,0,0,0,0,0,0],[0,0,0,0,0,0,0,0,0,0],[0,0,0,0,0,0,0,0,0,0],[0,0,0,0,0,0,0,0,0,0],[0,0,0,0,0,0,0,0,0,0]]
----------------------------------------

Problem ID : 707
Parse fail : True
Metrics    : {'cell_acc': 0.0, 'board_acc': 0.0, 'row_acc': 0.0, 'col_acc': 0.0}

                                         PUZZLE                                            PREDICTION (parse failed)
+-------+-------+-------+-------+-------+-------+-------+-------+-------+-------+-------+   +-------+-------+-------+-------+-------+-------+-------+-------+-------+-------+-------+
|   0   | (0,8) |   0   | (0,13)| (0,2) |   0   | (0,7) | (0,13)|   0   |   0   | (0,14)|   |   0   | (0,8) |   0   | (0,13)| (0,2) |   0   | (0,7) | (0,13)|   0   |   0   | (0,14)|
+-------+-------+-------+-------+-------+-------+-------+-------+-------+-------+-------+   +-------+-------+-------+-------+-------+-------+-------+-------+-------+-------+-------+
| (8,0) |   8   | (8,0) |   6   |   2   | (16,0)|   7   |   9   |   0   | (5,0) |   5   |   | (8,0) |   .   | (8,0) |   .   |   .   | (16,0)|   .   |   .   |   0   | (5,0) |   .   |
+-------+-------+-------+-------+-------+-------+-------+-------+-------+-------+-------+   +-------+-------+-------+-------+-------+-------+-------+-------+-------+-------+-------+
|   0   | (0,2) | (7,1) |   7   |   0   |   0   | (4,0) |   4   |   0   | (9,8) |   9   |   |   0   | (0,2) | (7,1) |   .   |   0   |   0   | (4,0) |   .   |   0   | (9,8) |   .   |
+-------+-------+-------+-------+-------+-------+-------+-------+-------+-------+-------+   +-------+-------+-------+-------+-------+-------+-------+-------+-------+-------+-------+
| (3,0) |   2   |   1   |   0   |   0   | (0,21)|   0   | (0,13)| (6,0) |   6   |   0   |   | (3,0) |   .   |   .   |   0   |   0   | (0,21)|   0   | (0,13)| (6,0) |   .   |   0   |
+-------+-------+-------+-------+-------+-------+-------+-------+-------+-------+-------+   +-------+-------+-------+-------+-------+-------+-------+-------+-------+-------+-------+
|   0   | (0,1) | (0,3) |   0   | (8,0) |   8   | (5,0) |   5   | (2,18)|   2   |   0   |   |   0   | (0,1) | (0,3) |   0   | (8,0) |   .   | (5,0) |   .   | (2,18)|   .   |   0   |
+-------+-------+-------+-------+-------+-------+-------+-------+-------+-------+-------+   +-------+-------+-------+-------+-------+-------+-------+-------+-------+-------+-------+
| (4,0) |   1   |   3   | (0,3) | (6,0) |   6   | (16,0)|   7   |   9   | (0,4) |   0   |   | (4,0) |   .   |   .   | (0,3) | (6,0) |   .   | (16,0)|   .   |   .   | (0,4) |   0   |
+-------+-------+-------+-------+-------+-------+-------+-------+-------+-------+-------+   +-------+-------+-------+-------+-------+-------+-------+-------+-------+-------+-------+
|   0   |   0   | (3,0) |   3   | (7,24)|   7   | (13,0)|   1   |   8   |   4   | (0,10)|   |   0   |   0   | (3,0) |   .   | (7,24)|   .   | (13,0)|   .   |   .   |   .   | (0,10)|
+-------+-------+-------+-------+-------+-------+-------+-------+-------+-------+-------+   +-------+-------+-------+-------+-------+-------+-------+-------+-------+-------+-------+
|   0   |   0   | (0,10)| (3,0) |   3   | (0,1) |   0   | (1,0) |   1   | (6,9) |   6   |   |   0   |   0   | (0,10)| (3,0) |   .   | (0,1) |   0   | (1,0) |   .   | (6,9) |   .   |
+-------+-------+-------+-------+-------+-------+-------+-------+-------+-------+-------+   +-------+-------+-------+-------+-------+-------+-------+-------+-------+-------+-------+
|   0   | (2,10)|   2   | (8,0) |   7   |   1   | (0,9) | (0,2) | (12,0)|   9   |   3   |   |   0   | (2,10)|   .   | (8,0) |   .   |   .   | (0,9) | (0,2) | (12,0)|   .   |   .   |
+-------+-------+-------+-------+-------+-------+-------+-------+-------+-------+-------+   +-------+-------+-------+-------+-------+-------+-------+-------+-------+-------+-------+
| (15,0)|   7   |   8   | (6,5) |   6   | (5,9) |   3   |   2   |   0   | (1,0) |   1   |   | (15,0)|   .   |   .   | (6,5) |   .   | (5,9) |   .   |   .   |   0   | (1,0) |   .   |
+-------+-------+-------+-------+-------+-------+-------+-------+-------+-------+-------+   +-------+-------+-------+-------+-------+-------+-------+-------+-------+-------+-------+
| (3,0) |   3   | (28,0)|   5   |   8   |   9   |   6   |   0   |   0   |   0   |   0   |   | (3,0) |   .   | (28,0)|   .   |   .   |   .   |   .   |   0   |   0   |   0   |   0   |
+-------+-------+-------+-------+-------+-------+-------+-------+-------+-------+-------+   +-------+-------+-------+-------+-------+-------+-------+-------+-------+-------+-------+

Generated output:
[[1, 1, 1, 2, 1, 7, 1, 1, 1], [8, 8, 1, 1, 1, 1, 1, 5, 1], [2, 7, 1, 1, 1, 4, 1, 9, 8], [3, 1, 3, 1, 8, 5, 2, 6, 1], [4, 1, 3, 6, 1, 1, 1, 4, 1], [1, 3, 7, 13, 10], [1, 1, 3, 1, 1, 1, 6, 9], [1, 2, 8, 1, 1, 9, 2, 1, 1], [1, 1, 6, 5, 9, 1, 1, 1], [3, 1, 1, 1, 1, 1, 1, 1, 1]]
----------------------------------------

Problem ID : 858
Parse fail : True
Metrics    : {'cell_acc': 0.0, 'board_acc': 0.0, 'row_acc': 0.0, 'col_acc': 0.0}

                                         PUZZLE                                            PREDICTION (parse failed)
+-------+-------+-------+-------+-------+-------+-------+-------+-------+-------+-------+   +-------+-------+-------+-------+-------+-------+-------+-------+-------+-------+-------+
|   0   |   0   |   0   |   0   |   0   |   0   |   0   | (0,19)|   0   |   0   |   0   |   |   0   |   0   |   0   |   0   |   0   |   0   |   0   | (0,19)|   0   |   0   |   0   |
+-------+-------+-------+-------+-------+-------+-------+-------+-------+-------+-------+   +-------+-------+-------+-------+-------+-------+-------+-------+-------+-------+-------+
|   0   | (0,12)| (0,7) |   0   | (0,8) | (0,3) | (7,0) |   7   |   0   |   0   | (0,5) |   |   0   | (0,12)| (0,7) |   0   | (0,8) | (0,3) | (7,0) |   .   |   0   |   0   | (0,5) |
+-------+-------+-------+-------+-------+-------+-------+-------+-------+-------+-------+   +-------+-------+-------+-------+-------+-------+-------+-------+-------+-------+-------+
| (11,0)|   4   |   7   | (11,6)|   8   |   3   | (1,9) |   1   | (0,4) | (5,1) |   5   |   | (11,0)|   .   |   .   | (11,6)|   .   |   .   | (1,9) |   .   | (0,4) | (5,1) |   .   |
+-------+-------+-------+-------+-------+-------+-------+-------+-------+-------+-------+   +-------+-------+-------+-------+-------+-------+-------+-------+-------+-------+-------+
| (8,0) |   8   | (6,0) |   6   |   0   | (19,0)|   9   |   5   |   4   |   1   | (0,8) |   | (8,0) |   .   | (6,0) |   .   |   0   | (19,0)|   .   |   .   |   .   |   .   | (0,8) |
+-------+-------+-------+-------+-------+-------+-------+-------+-------+-------+-------+   +-------+-------+-------+-------+-------+-------+-------+-------+-------+-------+-------+
|   0   |   0   | (0,11)| (0,1) | (0,14)|   0   | (6,7) |   6   | (0,5) | (8,0) |   8   |   |   0   |   0   | (0,11)| (0,1) | (0,14)|   0   | (6,7) |   .   | (0,5) | (8,0) |   .   |
+-------+-------+-------+-------+-------+-------+-------+-------+-------+-------+-------+   +-------+-------+-------+-------+-------+-------+-------+-------+-------+-------+-------+
|   0   |(18,16)|   8   |   1   |   9   | (7,7) |   7   | (5,0) |   5   | (0,9) |   0   |   |   0   |(18,16)|   .   |   .   |   .   | (7,7) |   .   | (5,0) |   .   | (0,9) |   0   |
+-------+-------+-------+-------+-------+-------+-------+-------+-------+-------+-------+   +-------+-------+-------+-------+-------+-------+-------+-------+-------+-------+-------+
| (10,0)|   7   |   3   | (3,2) |   1   |   2   | (0,15)|   0   | (9,0) |   9   | (0,1) |   | (10,0)|   .   |   .   | (3,2) |   .   |   .   | (0,15)|   0   | (9,0) |   .   | (0,1) |
+-------+-------+-------+-------+-------+-------+-------+-------+-------+-------+-------+   +-------+-------+-------+-------+-------+-------+-------+-------+-------+-------+-------+
| (9,0) |   9   | (14,0)|   2   |   4   |   5   |   3   | (0,3) |   0   | (1,11)|   1   |   | (9,0) |   .   | (14,0)|   .   |   .   |   .   |   .   | (0,3) |   0   | (1,11)|   .   |
+-------+-------+-------+-------+-------+-------+-------+-------+-------+-------+-------+   +-------+-------+-------+-------+-------+-------+-------+-------+-------+-------+-------+
|   0   |   0   |   0   |   0   | (0,3) | (11,1)|   8   |   3   | (5,0) |   5   | (0,6) |   |   0   |   0   |   0   |   0   | (0,3) | (11,1)|   .   |   .   | (5,0) |   .   | (0,6) |
+-------+-------+-------+-------+-------+-------+-------+-------+-------+-------+-------+   +-------+-------+-------+-------+-------+-------+-------+-------+-------+-------+-------+
|   0   |   0   |   0   | (8,8) |   3   |   1   |   4   |   0   | (8,0) |   2   |   6   |   |   0   |   0   |   0   | (8,8) |   .   |   .   |   .   |   0   | (8,0) |   .   |   .   |
+-------+-------+-------+-------+-------+-------+-------+-------+-------+-------+-------+   +-------+-------+-------+-------+-------+-------+-------+-------+-------+-------+-------+
|   0   |   0   | (8,0) |   8   |   0   |   0   |   0   |   0   | (4,0) |   4   |   0   |   |   0   |   0   | (8,0) |   .   |   0   |   0   |   0   |   0   | (4,0) |   .   |   0   |
+-------+-------+-------+-------+-------+-------+-------+-------+-------+-------+-------+   +-------+-------+-------+-------+-------+-------+-------+-------+-------+-------+-------+

Generated output:
[[1, 1, 1, 1, 1, 1, 1, 1, 1, 1], [1, 7, 1, 8, 3, 7, 1, 1, 5], [1, 1, 1, 6, 1, 9, 4, 5, 8], [1,1], [1, 1, 1, 6, 7, 6, 5, 8, 9], [1, 1, 3, 2, 7, 7, 5, 9, 1], [9, 1, 1, 1, 1, 1, 3, 1, 1], [1, 1, 1, 3, 1, 1, 1, 5, 6], [1, 1, 1, 8, 1, 1, 8, 1, 1], [1, 1, 8, 1, 1, 1, 1, 4, 1, 1]]
----------------------------------------

