======================================================================
SUCCESSES  [medium  0-shot]  (0 samples)
======================================================================

======================================================================
FAILURES  [medium  0-shot]  (10 samples)
======================================================================

Problem ID : 35257
Parse fail : True
Metrics    : {'cell_acc': 0.0, 'board_acc': 0.0, 'row_acc': 0.0, 'col_acc': 0.0}

                                         PUZZLE                                            PREDICTION (parse failed)
+-------+-------+-------+-------+-------+-------+-------+-------+-------+-------+-------+   +-------+-------+-------+-------+-------+-------+-------+-------+-------+-------+-------+
|   0   | (0,7) | (0,3) |   0   |   0   | (0,9) |   0   | (0,1) | (0,18)|   0   |   0   |   |   0   | (0,7) | (0,3) |   0   |   0   | (0,9) |   0   | (0,1) | (0,18)|   0   |   0   |
+-------+-------+-------+-------+-------+-------+-------+-------+-------+-------+-------+   +-------+-------+-------+-------+-------+-------+-------+-------+-------+-------+-------+
| (10,0)|   7   |   3   |   0   | (9,19)|   9   | (6,21)|   1   |   5   |   0   |   0   |   | (10,0)|   .   |   .   |   0   | (9,19)|   .   | (6,21)|   .   |   .   |   0   |   0   |
+-------+-------+-------+-------+-------+-------+-------+-------+-------+-------+-------+   +-------+-------+-------+-------+-------+-------+-------+-------+-------+-------+-------+
|   0   |   0   |   0   | (7,0) |   7   | (6,2) |   6   | (3,6) |   3   | (0,20)|   0   |   |   0   |   0   |   0   | (7,0) |   .   | (6,2) |   .   | (3,6) |   .   | (0,20)|   0   |
+-------+-------+-------+-------+-------+-------+-------+-------+-------+-------+-------+   +-------+-------+-------+-------+-------+-------+-------+-------+-------+-------+-------+
|   0   |   0   |   0   | (25,6)|   3   |   2   |   4   |   6   |   1   |   9   |   0   |   |   0   |   0   |   0   | (25,6)|   .   |   .   |   .   |   .   |   .   |   .   |   0   |
+-------+-------+-------+-------+-------+-------+-------+-------+-------+-------+-------+   +-------+-------+-------+-------+-------+-------+-------+-------+-------+-------+-------+
|   0   |   0   |(11,19)|   6   |   5   | (3,0) |   3   | (11,5)|   7   |   4   | (0,6) |   |   0   |   0   |(11,19)|   .   |   .   | (3,0) |   .   | (11,5)|   .   |   .   | (0,6) |
+-------+-------+-------+-------+-------+-------+-------+-------+-------+-------+-------+   +-------+-------+-------+-------+-------+-------+-------+-------+-------+-------+-------+
|   0   | (9,0) |   9   | (4,0) |   4   | (28,0)|   8   |   5   |   2   |   7   |   6   |   |   0   | (9,0) |   .   | (4,0) |   .   | (28,0)|   .   |   .   |   .   |   .   |   .   |
+-------+-------+-------+-------+-------+-------+-------+-------+-------+-------+-------+   +-------+-------+-------+-------+-------+-------+-------+-------+-------+-------+-------+
|   0   | (6,0) |   6   |   0   | (0,3) |   0   |   0   |   0   |   0   | (0,6) | (0,15)|   |   0   | (6,0) |   .   |   0   | (0,3) |   0   |   0   |   0   |   0   | (0,6) | (0,15)|
+-------+-------+-------+-------+-------+-------+-------+-------+-------+-------+-------+   +-------+-------+-------+-------+-------+-------+-------+-------+-------+-------+-------+
|   0   | (4,0) |   4   | (1,0) |   1   | (0,3) |   0   |   0   | (8,9) |   6   |   2   |   |   0   | (4,0) |   .   | (1,0) |   .   | (0,3) |   0   |   0   | (8,9) |   .   |   .   |
+-------+-------+-------+-------+-------+-------+-------+-------+-------+-------+-------+   +-------+-------+-------+-------+-------+-------+-------+-------+-------+-------+-------+
|   0   |   0   |   0   | (5,0) |   2   |   3   |   0   | (9,16)|   9   | (8,3) |   8   |   |   0   |   0   |   0   | (5,0) |   .   |   .   |   0   | (9,16)|   .   | (8,3) |   .   |
+-------+-------+-------+-------+-------+-------+-------+-------+-------+-------+-------+   +-------+-------+-------+-------+-------+-------+-------+-------+-------+-------+-------+
|   0   | (0,8) | (0,2) | (0,4) |   0   |   0   | (7,5) |   7   | (8,0) |   3   |   5   |   |   0   | (0,8) | (0,2) | (0,4) |   0   |   0   | (7,5) |   .   | (8,0) |   .   |   .   |
+-------+-------+-------+-------+-------+-------+-------+-------+-------+-------+-------+   +-------+-------+-------+-------+-------+-------+-------+-------+-------+-------+-------+
| (14,0)|   8   |   2   |   4   |   0   | (14,0)|   5   |   9   |   0   |   0   |   0   |   | (14,0)|   .   |   .   |   .   |   0   | (14,0)|   .   |   .   |   0   |   0   |   0   |
+-------+-------+-------+-------+-------+-------+-------+-------+-------+-------+-------+   +-------+-------+-------+-------+-------+-------+-------+-------+-------+-------+-------+

Generated output:
[[1, 7, 3, 1, 1, 9, 1, 1, 9, 1], [5, 1, 1, 1, 9, 6, 7, 8, 1, 1], [1, 1, 7, 1, 6, 2, 3, 6, 10], [10, 1, 1, 1, 3, 1, 5, 1, 6], [9, 6, 4, 1, 3, 7, 1, 6, 5], [6, 4, 1, 1, 3, 5, 8, 9, 1], [1, 1, 5, 1, 1, 4, 9, 8, 3], [3, 8, 2, 4, 6, 7, 5, 8, 1, 1], [7, 7, 7, 7, 7, 7, 7, 7, 7]]
----------------------------------------

Problem ID : 35263
Parse fail : True
Metrics    : {'cell_acc': 0.0, 'board_acc': 0.0, 'row_acc': 0.0, 'col_acc': 0.0}

                                         PUZZLE                                            PREDICTION (parse failed)
+-------+-------+-------+-------+-------+-------+-------+-------+-------+-------+-------+   +-------+-------+-------+-------+-------+-------+-------+-------+-------+-------+-------+
|   0   | (0,7) |   0   |   0   | (0,8) |   0   | (0,4) | (0,11)|   0   |   0   |   0   |   |   0   | (0,7) |   0   |   0   | (0,8) |   0   | (0,4) | (0,11)|   0   |   0   |   0   |
+-------+-------+-------+-------+-------+-------+-------+-------+-------+-------+-------+   +-------+-------+-------+-------+-------+-------+-------+-------+-------+-------+-------+
| (3,0) |   3   | (0,5) | (8,24)|   8   | (6,8) |   4   |   2   |   0   |   0   | (0,1) |   | (3,0) |   .   | (0,5) | (8,24)|   .   | (6,8) |   .   |   .   |   0   |   0   | (0,1) |
+-------+-------+-------+-------+-------+-------+-------+-------+-------+-------+-------+   +-------+-------+-------+-------+-------+-------+-------+-------+-------+-------+-------+
| (16,0)|   4   |   5   |   7   | (8,0) |   8   | (9,25)|   9   |   0   | (1,0) |   1   |   | (16,0)|   .   |   .   |   .   | (8,0) |   .   | (9,25)|   .   |   0   | (1,0) |   .   |
+-------+-------+-------+-------+-------+-------+-------+-------+-------+-------+-------+   +-------+-------+-------+-------+-------+-------+-------+-------+-------+-------+-------+
|   0   |   0   | (6,6) |   6   |   0   | (8,0) |   8   |   0   |   0   |   0   | (0,15)|   |   0   |   0   | (6,6) |   .   |   0   | (8,0) |   .   |   0   |   0   |   0   | (0,15)|
+-------+-------+-------+-------+-------+-------+-------+-------+-------+-------+-------+   +-------+-------+-------+-------+-------+-------+-------+-------+-------+-------+-------+
|   0   | (9,0) |   6   |   3   |   0   | (7,4) |   7   |   0   |   0   | (8,4) |   8   |   |   0   | (9,0) |   .   |   .   |   0   | (7,4) |   .   |   0   |   0   | (8,4) |   .   |
+-------+-------+-------+-------+-------+-------+-------+-------+-------+-------+-------+   +-------+-------+-------+-------+-------+-------+-------+-------+-------+-------+-------+
|   0   | (0,14)| (5,8) |   5   | (5,0) |   4   |   1   |   0   | (5,22)|   3   |   2   |   |   0   | (0,14)| (5,8) |   .   | (5,0) |   .   |   .   |   0   | (5,22)|   .   |   .   |
+-------+-------+-------+-------+-------+-------+-------+-------+-------+-------+-------+   +-------+-------+-------+-------+-------+-------+-------+-------+-------+-------+-------+
| (17,0)|   7   |   8   |   2   |   0   | (9,15)|   9   | (10,0)|   4   |   1   |   5   |   | (17,0)|   .   |   .   |   .   |   0   | (9,15)|   .   | (10,0)|   .   |   .   |   .   |
+-------+-------+-------+-------+-------+-------+-------+-------+-------+-------+-------+   +-------+-------+-------+-------+-------+-------+-------+-------+-------+-------+-------+
| (5,0) |   5   | (1,3) |   1   | (7,0) |   7   |   0   | (3,0) |   3   |   0   | (0,6) |   | (5,0) |   .   | (1,3) |   .   | (7,0) |   .   |   0   | (3,0) |   .   |   0   | (0,6) |
+-------+-------+-------+-------+-------+-------+-------+-------+-------+-------+-------+   +-------+-------+-------+-------+-------+-------+-------+-------+-------+-------+-------+
| (5,0) |   2   |   3   | (0,17)| (5,0) |   5   |   0   | (8,0) |   8   | (6,2) |   6   |   | (5,0) |   .   |   .   | (0,17)| (5,0) |   .   |   0   | (8,0) |   .   | (6,2) |   .   |
+-------+-------+-------+-------+-------+-------+-------+-------+-------+-------+-------+   +-------+-------+-------+-------+-------+-------+-------+-------+-------+-------+-------+
|   0   |   0   | (9,0) |   9   | (3,0) |   3   |   0   | (8,0) |   6   |   2   |   0   |   |   0   |   0   | (9,0) |   .   | (3,0) |   .   |   0   | (8,0) |   .   |   .   |   0   |
+-------+-------+-------+-------+-------+-------+-------+-------+-------+-------+-------+   +-------+-------+-------+-------+-------+-------+-------+-------+-------+-------+-------+
|   0   |   0   | (8,0) |   8   |   0   |   0   |   0   | (1,0) |   1   |   0   |   0   |   |   0   |   0   | (8,0) |   .   |   0   |   0   |   0   | (1,0) |   .   |   0   |   0   |
+-------+-------+-------+-------+-------+-------+-------+-------+-------+-------+-------+   +-------+-------+-------+-------+-------+-------+-------+-------+-------+-------+-------+

Generated output:
[[0, 0, 0, 0, 0, 0, 0, 0, 0], [3, 0, 5, 8, 6, 0, 0, 0, 1], [0, 0, 0, 8, 9, 0, 0, 1, 0], [0, 6, 0, 8, 0, 0, 0, 15], [0, 9, 0, 7, 0, 0, 8, 0], [17, 0, 0, 0, 9, 0, 0], [5, 1, 3, 7, 0, 3, 0, 6], [5, 0, 0, 5, 0, 0, 8, 6, 0], [0, 0, 9, 3, 0, 8, 0, 0], [0, 0, 8, 0, 0, 0, 1, 0, 0]]
----------------------------------------

Problem ID : 35295
Parse fail : True
Metrics    : {'cell_acc': 0.0, 'board_acc': 0.0, 'row_acc': 0.0, 'col_acc': 0.0}

                                         PUZZLE                                            PREDICTION (parse failed)
+-------+-------+-------+-------+-------+-------+-------+-------+-------+-------+-------+   +-------+-------+-------+-------+-------+-------+-------+-------+-------+-------+-------+
|   0   | (0,6) |   0   | (0,8) |   0   | (0,9) | (0,21)| (0,1) |   0   |   0   |   0   |   |   0   | (0,6) |   0   | (0,8) |   0   | (0,9) | (0,21)| (0,1) |   0   |   0   |   0   |
+-------+-------+-------+-------+-------+-------+-------+-------+-------+-------+-------+   +-------+-------+-------+-------+-------+-------+-------+-------+-------+-------+-------+
| (6,0) |   6   | (8,19)|   8   | (14,0)|   9   |   4   |   1   |   0   | (0,10)|   0   |   | (6,0) |   .   | (8,19)|   .   | (14,0)|   .   |   .   |   .   |   0   | (0,10)|   0   |
+-------+-------+-------+-------+-------+-------+-------+-------+-------+-------+-------+   +-------+-------+-------+-------+-------+-------+-------+-------+-------+-------+-------+
|   0   | (6,12)|   6   |   0   | (0,10)| (8,7) |   8   |   0   | (9,0) |   9   | (0,13)|   |   0   | (6,12)|   .   |   0   | (0,10)| (8,7) |   .   |   0   | (9,0) |   .   | (0,13)|
+-------+-------+-------+-------+-------+-------+-------+-------+-------+-------+-------+   +-------+-------+-------+-------+-------+-------+-------+-------+-------+-------+-------+
| (9,0) |   5   |   4   |(22,16)|   7   |   6   |   9   |   0   | (4,4) |   1   |   3   |   | (9,0) |   .   |   .   |(22,16)|   .   |   .   |   .   |   0   | (4,4) |   .   |   .   |
+-------+-------+-------+-------+-------+-------+-------+-------+-------+-------+-------+   +-------+-------+-------+-------+-------+-------+-------+-------+-------+-------+-------+
| (26,0)|   7   |   9   |   6   |   3   |   1   |   0   | (4,4) |   4   | (8,0) |   8   |   | (26,0)|   .   |   .   |   .   |   .   |   .   |   0   | (4,4) |   .   | (8,0) |   .   |
+-------+-------+-------+-------+-------+-------+-------+-------+-------+-------+-------+   +-------+-------+-------+-------+-------+-------+-------+-------+-------+-------+-------+
|   0   | (0,4) | (7,0) |   7   |   0   |   0   | (4,5) |   4   |   0   | (2,6) |   2   |   |   0   | (0,4) | (7,0) |   .   |   0   |   0   | (4,5) |   .   |   0   | (2,6) |   .   |
+-------+-------+-------+-------+-------+-------+-------+-------+-------+-------+-------+   +-------+-------+-------+-------+-------+-------+-------+-------+-------+-------+-------+
| (4,0) |   4   | (3,0) |   3   | (0,8) | (5,0) |   5   |   0   | (6,0) |   6   |   0   |   | (4,0) |   .   | (3,0) |   .   | (0,8) | (5,0) |   .   |   0   | (6,0) |   .   |   0   |
+-------+-------+-------+-------+-------+-------+-------+-------+-------+-------+-------+   +-------+-------+-------+-------+-------+-------+-------+-------+-------+-------+-------+
|   0   |   0   |   0   | (8,0) |   8   | (0,5) |   0   |   0   |   0   | (0,3) | (0,5) |   |   0   |   0   |   0   | (8,0) |   .   | (0,5) |   0   |   0   |   0   | (0,3) | (0,5) |
+-------+-------+-------+-------+-------+-------+-------+-------+-------+-------+-------+   +-------+-------+-------+-------+-------+-------+-------+-------+-------+-------+-------+
|   0   |   0   |   0   |   0   | (2,0) |   2   | (0,2) |   0   | (8,0) |   3   |   5   |   |   0   |   0   |   0   |   0   | (2,0) |   .   | (0,2) |   0   | (8,0) |   .   |   .   |
+-------+-------+-------+-------+-------+-------+-------+-------+-------+-------+-------+   +-------+-------+-------+-------+-------+-------+-------+-------+-------+-------+-------+
|   0   |   0   |   0   | (0,2) | (5,4) |   3   |   2   | (0,3) |   0   |   0   | (0,6) |   |   0   |   0   |   0   | (0,2) | (5,4) |   .   |   .   | (0,3) |   0   |   0   | (0,6) |
+-------+-------+-------+-------+-------+-------+-------+-------+-------+-------+-------+   +-------+-------+-------+-------+-------+-------+-------+-------+-------+-------+-------+
|   0   |   0   | (6,0) |   2   |   4   |   0   | (3,0) |   3   |   0   | (6,0) |   6   |   |   0   |   0   | (6,0) |   .   |   .   |   0   | (3,0) |   .   |   0   | (6,0) |   .   |
+-------+-------+-------+-------+-------+-------+-------+-------+-------+-------+-------+   +-------+-------+-------+-------+-------+-------+-------+-------+-------+-------+-------+

Generated output:
[[0, 6, 0, 8, 9, 1, 0, 0, 0], [6, 8, 0, 0, 0, 0, 0, 0, 0], [0, 6, 0, 1, 8, 7, 9, 0, 13], [9, 22, 0, 0, 4, 4, 8, 0], [4, 7, 0, 0, 4, 5, 2, 6], [4, 3, 0, 8, 5, 6, 0, 0], [0, 8, 0, 5, 0, 0, 3, 5], [0, 0, 0, 2, 2, 8, 0, 0], [0, 0, 2, 5, 4, 0, 3, 0, 6], [0, 6, 0, 0, 3, 0, 6, 0]]
----------------------------------------

Problem ID : 35376
Parse fail : True
Metrics    : {'cell_acc': 0.0, 'board_acc': 0.0, 'row_acc': 0.0, 'col_acc': 0.0}

                                         PUZZLE                                            PREDICTION (parse failed)
+-------+-------+-------+-------+-------+-------+-------+-------+-------+-------+-------+   +-------+-------+-------+-------+-------+-------+-------+-------+-------+-------+-------+
|   0   |   0   | (0,5) |   0   | (0,25)| (0,16)|   0   |   0   |   0   |   0   | (0,6) |   |   0   |   0   | (0,5) |   0   | (0,25)| (0,16)|   0   |   0   |   0   |   0   | (0,6) |
+-------+-------+-------+-------+-------+-------+-------+-------+-------+-------+-------+   +-------+-------+-------+-------+-------+-------+-------+-------+-------+-------+-------+
|   0   | (2,7) |   2   | (15,0)|   8   |   7   |   0   |   0   | (0,8) | (6,0) |   6   |   |   0   | (2,7) |   .   | (15,0)|   .   |   .   |   0   |   0   | (0,8) | (6,0) |   .   |
+-------+-------+-------+-------+-------+-------+-------+-------+-------+-------+-------+   +-------+-------+-------+-------+-------+-------+-------+-------+-------+-------+-------+
| (10,0)|   7   |   3   | (13,1)|   4   |   9   | (0,5) | (8,4) |   8   |   0   |   0   |   | (10,0)|   .   |   .   | (13,1)|   .   |   .   | (0,5) | (8,4) |   .   |   0   |   0   |
+-------+-------+-------+-------+-------+-------+-------+-------+-------+-------+-------+   +-------+-------+-------+-------+-------+-------+-------+-------+-------+-------+-------+
|   0   | (0,1) | (8,0) |   1   |   7   | (9,3) |   5   |   4   | (0,17)|   0   |   0   |   |   0   | (0,1) | (8,0) |   .   |   .   | (9,3) |   .   |   .   | (0,17)|   0   |   0   |
+-------+-------+-------+-------+-------+-------+-------+-------+-------+-------+-------+   +-------+-------+-------+-------+-------+-------+-------+-------+-------+-------+-------+
| (1,0) |   1   |   0   | (9,0) |   6   |   3   | (0,8) | (7,0) |   7   | (0,7) |   0   |   | (1,0) |   .   |   0   | (9,0) |   .   |   .   | (0,8) | (7,0) |   .   | (0,7) |   0   |
+-------+-------+-------+-------+-------+-------+-------+-------+-------+-------+-------+   +-------+-------+-------+-------+-------+-------+-------+-------+-------+-------+-------+
|   0   |   0   |   0   | (0,5) |   0   | (8,10)|   8   | (9,1) |   2   |   7   | (0,17)|   |   0   |   0   |   0   | (0,5) |   0   | (8,10)|   .   | (9,1) |   .   |   .   | (0,17)|
+-------+-------+-------+-------+-------+-------+-------+-------+-------+-------+-------+   +-------+-------+-------+-------+-------+-------+-------+-------+-------+-------+-------+
|   0   | (0,7) | (5,0) |   5   | (4,0) |   4   | (4,3) |   1   |   3   | (8,0) |   8   |   |   0   | (0,7) | (5,0) |   .   | (4,0) |   .   | (4,3) |   .   |   .   | (8,0) |   .   |
+-------+-------+-------+-------+-------+-------+-------+-------+-------+-------+-------+   +-------+-------+-------+-------+-------+-------+-------+-------+-------+-------+-------+
| (4,0) |   4   |   0   |   0   | (9,0) |   6   |   3   | (5,10)|   5   | (9,0) |   9   |   | (4,0) |   .   |   0   |   0   | (9,0) |   .   |   .   | (5,10)|   .   | (9,0) |   .   |
+-------+-------+-------+-------+-------+-------+-------+-------+-------+-------+-------+   +-------+-------+-------+-------+-------+-------+-------+-------+-------+-------+-------+
| (3,0) |   3   | (0,9) | (0,12)|   0   |   0   | (7,6) |   7   |   0   |   0   | (0,1) |   | (3,0) |   .   | (0,9) | (0,12)|   0   |   0   | (7,6) |   .   |   0   |   0   | (0,1) |
+-------+-------+-------+-------+-------+-------+-------+-------+-------+-------+-------+   +-------+-------+-------+-------+-------+-------+-------+-------+-------+-------+-------+
|   0   | (13,0)|   9   |   4   | (0,1) | (9,0) |   6   |   3   | (0,4) | (1,6) |   1   |   |   0   | (13,0)|   .   |   .   | (0,1) | (9,0) |   .   |   .   | (0,4) | (1,6) |   .   |
+-------+-------+-------+-------+-------+-------+-------+-------+-------+-------+-------+   +-------+-------+-------+-------+-------+-------+-------+-------+-------+-------+-------+
|   0   |   0   | (9,0) |   8   |   1   |   0   |   0   | (10,0)|   4   |   6   |   0   |   |   0   |   0   | (9,0) |   .   |   .   |   0   |   0   | (10,0)|   .   |   .   |   0   |
+-------+-------+-------+-------+-------+-------+-------+-------+-------+-------+-------+   +-------+-------+-------+-------+-------+-------+-------+-------+-------+-------+-------+

Generated output:
[[0,0,0,0,0,0,0,0,0,0],
[0,2,0,15,0,0,0,0,6,0],
[0,0,0,0,0],
[0,0,0,0,0,0,0,0,0],
[0,0,0,0,0,0,0,0,0,0],
[0,0,0,0,0,0,0,0,0,0],
[0,0,0,0,0,0,0,0,0,0],
[0,0,0,0,0,0,0,0,0,0],
[0,0,0,0,0,0,0,0,0,0],
[0,0,0,0,0,0,0,0,0,0],
[0,0,0,0,0,0,0,0,0,0],
[0,0,0,0,0,0,0,0,0,0]
]
----------------------------------------

Problem ID : 35308
Parse fail : True
Metrics    : {'cell_acc': 0.0, 'board_acc': 0.0, 'row_acc': 0.0, 'col_acc': 0.0}

                                         PUZZLE                                            PREDICTION (parse failed)
+-------+-------+-------+-------+-------+-------+-------+-------+-------+-------+-------+   +-------+-------+-------+-------+-------+-------+-------+-------+-------+-------+-------+
|   0   |   0   | (0,3) |   0   | (0,4) |   0   |   0   | (0,8) |   0   |   0   |   0   |   |   0   |   0   | (0,3) |   0   | (0,4) |   0   |   0   | (0,8) |   0   |   0   |   0   |
+-------+-------+-------+-------+-------+-------+-------+-------+-------+-------+-------+   +-------+-------+-------+-------+-------+-------+-------+-------+-------+-------+-------+
|   0   | (3,16)|   3   | (4,3) |   4   | (0,3) | (8,6) |   8   | (0,4) | (0,24)| (0,8) |   |   0   | (3,16)|   .   | (4,3) |   .   | (0,3) | (8,6) |   .   | (0,4) | (0,24)| (0,8) |
+-------+-------+-------+-------+-------+-------+-------+-------+-------+-------+-------+   +-------+-------+-------+-------+-------+-------+-------+-------+-------+-------+-------+
| (7,0) |   7   | (2,0) |   2   | (9,0) |   3   |   6   | (21,6)|   4   |   9   |   8   |   | (7,0) |   .   | (2,0) |   .   | (9,0) |   .   |   .   | (21,6)|   .   |   .   |   .   |
+-------+-------+-------+-------+-------+-------+-------+-------+-------+-------+-------+   +-------+-------+-------+-------+-------+-------+-------+-------+-------+-------+-------+
| (9,0) |   9   | (1,0) |   1   |   0   | (0,9) | (6,5) |   6   | (8,7) |   8   |   0   |   | (9,0) |   .   | (1,0) |   .   |   0   | (0,9) | (6,5) |   .   | (8,7) |   .   |   0   |
+-------+-------+-------+-------+-------+-------+-------+-------+-------+-------+-------+   +-------+-------+-------+-------+-------+-------+-------+-------+-------+-------+-------+
|   0   | (0,13)|   0   | (0,7) | (13,3)|   8   |   5   | (8,26)|   7   |   1   | (0,4) |   |   0   | (0,13)|   0   | (0,7) | (13,3)|   .   |   .   | (8,26)|   .   |   .   | (0,4) |
+-------+-------+-------+-------+-------+-------+-------+-------+-------+-------+-------+   +-------+-------+-------+-------+-------+-------+-------+-------+-------+-------+-------+
| (5,0) |   5   | (11,2)|   7   |   3   |   1   | (9,0) |   9   | (6,1) |   2   |   4   |   | (5,0) |   .   | (11,2)|   .   |   .   |   .   | (9,0) |   .   | (6,1) |   .   |   .   |
+-------+-------+-------+-------+-------+-------+-------+-------+-------+-------+-------+   +-------+-------+-------+-------+-------+-------+-------+-------+-------+-------+-------+
| (10,0)|   8   |   2   |   0   | (0,10)| (0,6) | (10,0)|   5   |   1   |   4   | (0,9) |   | (10,0)|   .   |   .   |   0   | (0,10)| (0,6) | (10,0)|   .   |   .   |   .   | (0,9) |
+-------+-------+-------+-------+-------+-------+-------+-------+-------+-------+-------+   +-------+-------+-------+-------+-------+-------+-------+-------+-------+-------+-------+
|   0   |   0   | (0,1) | (8,4) |   2   |   6   | (3,0) |   3   |   0   | (9,0) |   9   |   |   0   |   0   | (0,1) | (8,4) |   .   |   .   | (3,0) |   .   |   0   | (9,0) |   .   |
+-------+-------+-------+-------+-------+-------+-------+-------+-------+-------+-------+   +-------+-------+-------+-------+-------+-------+-------+-------+-------+-------+-------+
|   0   | (13,7)|   1   |   4   |   8   |   0   | (2,0) |   2   |   0   |   0   |   0   |   |   0   | (13,7)|   .   |   .   |   .   |   0   | (2,0) |   .   |   0   |   0   |   0   |
+-------+-------+-------+-------+-------+-------+-------+-------+-------+-------+-------+   +-------+-------+-------+-------+-------+-------+-------+-------+-------+-------+-------+
| (4,0) |   4   |   0   |   0   | (0,6) |   0   | (7,0) |   7   | (0,8) |   0   | (0,7) |   | (4,0) |   .   |   0   |   0   | (0,6) |   0   | (7,0) |   .   | (0,8) |   0   | (0,7) |
+-------+-------+-------+-------+-------+-------+-------+-------+-------+-------+-------+   +-------+-------+-------+-------+-------+-------+-------+-------+-------+-------+-------+
| (3,0) |   3   |   0   | (6,0) |   6   |   0   |   0   | (8,0) |   8   | (7,0) |   7   |   | (3,0) |   .   |   0   | (6,0) |   .   |   0   |   0   | (8,0) |   .   | (7,0) |   .   |
+-------+-------+-------+-------+-------+-------+-------+-------+-------+-------+-------+   +-------+-------+-------+-------+-------+-------+-------+-------+-------+-------+-------+

Generated output:
```
[[1, 2, 3, 4, 5, 6, 7, 8, 9, [1, 2, 3, 4, 5, 6, 7, 8, 9, 0], [1, 2, 3, 4, 5, 6, 7, 8, 9], [1, 2, 3,, 4, 5, 6, 7, 8, 9], [1, 2, 3, 4, 5, 6, 7, 8, 9], [1, 2, 3, 4, 5, 6, 7, 8, 9], [1, 2, 3, 4, 5, 6, 7, 8, 9], [1, 2, 3, 4, 5, 6, 7, 8, 9], [1, 2, 3, 4, 5, 6, 7, 8, 9, 0]]
```
----------------------------------------

Problem ID : 35391
Parse fail : True
Metrics    : {'cell_acc': 0.0, 'board_acc': 0.0, 'row_acc': 0.0, 'col_acc': 0.0}

                                         PUZZLE                                            PREDICTION (parse failed)
+-------+-------+-------+-------+-------+-------+-------+-------+-------+-------+-------+   +-------+-------+-------+-------+-------+-------+-------+-------+-------+-------+-------+
|   0   | (0,4) | (0,8) |   0   | (0,2) |   0   |   0   |   0   | (0,1) | (0,9) | (0,3) |   |   0   | (0,4) | (0,8) |   0   | (0,2) |   0   |   0   |   0   | (0,1) | (0,9) | (0,3) |
+-------+-------+-------+-------+-------+-------+-------+-------+-------+-------+-------+   +-------+-------+-------+-------+-------+-------+-------+-------+-------+-------+-------+
| (12,0)|   4   |   8   | (2,0) |   2   |   0   | (0,3) |(13,16)|   1   |   9   |   3   |   | (12,0)|   .   |   .   | (2,0) |   .   |   0   | (0,3) |(13,16)|   .   |   .   |   .   |
+-------+-------+-------+-------+-------+-------+-------+-------+-------+-------+-------+   +-------+-------+-------+-------+-------+-------+-------+-------+-------+-------+-------+
|   0   |   0   | (0,7) | (0,8) | (0,7) | (4,9) |   3   |   1   | (0,2) | (0,3) |   0   |   |   0   |   0   | (0,7) | (0,8) | (0,7) | (4,9) |   .   |   .   | (0,2) | (0,3) |   0   |
+-------+-------+-------+-------+-------+-------+-------+-------+-------+-------+-------+   +-------+-------+-------+-------+-------+-------+-------+-------+-------+-------+-------+
|   0   | (25,0)|   1   |   8   |   7   |   9   | (9,21)|   4   |   2   |   3   | (0,4) |   |   0   | (25,0)|   .   |   .   |   .   |   .   | (9,21)|   .   |   .   |   .   | (0,4) |
+-------+-------+-------+-------+-------+-------+-------+-------+-------+-------+-------+   +-------+-------+-------+-------+-------+-------+-------+-------+-------+-------+-------+
|   0   | (6,0) |   6   | (0,7) |   0   | (17,2)|   9   |   8   | (0,5) | (4,0) |   4   |   |   0   | (6,0) |   .   | (0,7) |   0   | (17,2)|   .   |   .   | (0,5) | (4,0) |   .   |
+-------+-------+-------+-------+-------+-------+-------+-------+-------+-------+-------+   +-------+-------+-------+-------+-------+-------+-------+-------+-------+-------+-------+
|   0   |   0   | (4,13)|   4   | (17,0)|   2   |   7   |   3   |   5   |   0   |   0   |   |   0   |   0   | (4,13)|   .   | (17,0)|   .   |   .   |   .   |   .   |   0   |   0   |
+-------+-------+-------+-------+-------+-------+-------+-------+-------+-------+-------+   +-------+-------+-------+-------+-------+-------+-------+-------+-------+-------+-------+
|   0   | (10,0)|   7   |   3   |   0   | (5,0) |   5   |   0   | (0,25)|   0   |   0   |   |   0   | (10,0)|   .   |   .   |   0   | (5,0) |   .   |   0   | (0,25)|   0   |   0   |
+-------+-------+-------+-------+-------+-------+-------+-------+-------+-------+-------+   +-------+-------+-------+-------+-------+-------+-------+-------+-------+-------+-------+
|   0   | (4,3) |   4   |   0   |   0   |   0   |   0   | (7,0) |   7   |   0   | (0,10)|   |   0   | (4,3) |   .   |   0   |   0   |   0   |   0   | (7,0) |   .   |   0   | (0,10)|
+-------+-------+-------+-------+-------+-------+-------+-------+-------+-------+-------+   +-------+-------+-------+-------+-------+-------+-------+-------+-------+-------+-------+
| (5,0) |   3   |   2   | (0,8) |   0   | (0,6) | (0,6) | (6,0) |   6   | (8,0) |   8   |   | (5,0) |   .   |   .   | (0,8) |   0   | (0,6) | (0,6) | (6,0) |   .   | (8,0) |   .   |
+-------+-------+-------+-------+-------+-------+-------+-------+-------+-------+-------+   +-------+-------+-------+-------+-------+-------+-------+-------+-------+-------+-------+
|   0   | (0,6) | (7,0) |   7   | (10,8)|   6   |   4   | (8,0) |   8   | (2,7) |   2   |   |   0   | (0,6) | (7,0) |   .   | (10,8)|   .   |   .   | (8,0) |   .   | (2,7) |   .   |
+-------+-------+-------+-------+-------+-------+-------+-------+-------+-------+-------+   +-------+-------+-------+-------+-------+-------+-------+-------+-------+-------+-------+
| (6,0) |   6   | (9,0) |   1   |   8   | (2,0) |   2   | (11,0)|   4   |   7   |   0   |   | (6,0) |   .   | (9,0) |   .   |   .   | (2,0) |   .   | (11,0)|   .   |   .   |   0   |
+-------+-------+-------+-------+-------+-------+-------+-------+-------+-------+-------+   +-------+-------+-------+-------+-------+-------+-------+-------+-------+-------+-------+

Generated output:
[[0,4,8,0,2,0,0,0,1,9,3],[12,10,2,0,0,0,3,13,16,0,0,0],[0,0,7,8,7,4,9,0,2,3,0],[0,25,0,0,0,9,21,0,0,0,4],[0,6,7,0,17,2,0,0,5,4,0],[0,0,4,13,0,0,0,0,0,0],[0,10,0,0,5,0,0,0,25,0,0],[4,3,0,0,0,0,7,0,0,10],[0,5,0,8,0,6,6,6,0,8,0],[0,6,7,0,10,8,0,0,2,7,0],[6,9,0,0,2,0,0,0,0,0,11]]
----------------------------------------

Problem ID : 35399
Parse fail : True
Metrics    : {'cell_acc': 0.0, 'board_acc': 0.0, 'row_acc': 0.0, 'col_acc': 0.0}

                                         PUZZLE                                            PREDICTION (parse failed)
+-------+-------+-------+-------+-------+-------+-------+-------+-------+-------+-------+   +-------+-------+-------+-------+-------+-------+-------+-------+-------+-------+-------+
|   0   | (0,7) |   0   |   0   | (0,2) | (0,16)| (0,4) | (0,10)|   0   | (0,11)|   0   |   |   0   | (0,7) |   0   |   0   | (0,2) | (0,16)| (0,4) | (0,10)|   0   | (0,11)|   0   |
+-------+-------+-------+-------+-------+-------+-------+-------+-------+-------+-------+   +-------+-------+-------+-------+-------+-------+-------+-------+-------+-------+-------+
| (5,0) |   5   |   0   |(16,15)|   2   |   9   |   4   |   1   | (6,0) |   6   |   0   |   | (5,0) |   .   |   0   |(16,15)|   .   |   .   |   .   |   .   | (6,0) |   .   |   0   |
+-------+-------+-------+-------+-------+-------+-------+-------+-------+-------+-------+   +-------+-------+-------+-------+-------+-------+-------+-------+-------+-------+-------+
| (2,0) |   2   | (7,0) |   7   | (1,0) |   1   | (9,0) |   9   | (4,3) |   4   |   0   |   | (2,0) |   .   | (7,0) |   .   | (1,0) |   .   | (9,0) |   .   | (4,3) |   .   |   0   |
+-------+-------+-------+-------+-------+-------+-------+-------+-------+-------+-------+   +-------+-------+-------+-------+-------+-------+-------+-------+-------+-------+-------+
|   0   | (0,6) | (8,14)|   8   | (6,8) |   6   |   0   | (4,0) |   3   |   1   | (0,9) |   |   0   | (0,6) | (8,14)|   .   | (6,8) |   .   |   0   | (4,0) |   .   |   .   | (0,9) |
+-------+-------+-------+-------+-------+-------+-------+-------+-------+-------+-------+   +-------+-------+-------+-------+-------+-------+-------+-------+-------+-------+-------+
| (7,0) |   6   |   1   | (8,0) |   8   |   0   | (0,8) |   0   |   0   | (9,9) |   9   |   | (7,0) |   .   |   .   | (8,0) |   .   |   0   | (0,8) |   0   |   0   | (9,9) |   .   |
+-------+-------+-------+-------+-------+-------+-------+-------+-------+-------+-------+   +-------+-------+-------+-------+-------+-------+-------+-------+-------+-------+-------+
|   0   | (5,5) |   5   |   0   |   0   | (8,12)|   8   |   0   | (9,0) |   9   |   0   |   |   0   | (5,5) |   .   |   0   |   0   | (8,12)|   .   |   0   | (9,0) |   .   |   0   |
+-------+-------+-------+-------+-------+-------+-------+-------+-------+-------+-------+   +-------+-------+-------+-------+-------+-------+-------+-------+-------+-------+-------+
| (12,0)|   4   |   8   |   0   | (7,9) |   7   | (0,7) |   0   |   0   |   0   |   0   |   | (12,0)|   .   |   .   |   0   | (7,9) |   .   | (0,7) |   0   |   0   |   0   |   0   |
+-------+-------+-------+-------+-------+-------+-------+-------+-------+-------+-------+   +-------+-------+-------+-------+-------+-------+-------+-------+-------+-------+-------+
| (1,0) |   1   |   0   | (21,2)|   9   |   5   |   7   |   0   | (0,7) |   0   |   0   |   | (1,0) |   .   |   0   | (21,2)|   .   |   .   |   .   |   0   | (0,7) |   0   |   0   |
+-------+-------+-------+-------+-------+-------+-------+-------+-------+-------+-------+   +-------+-------+-------+-------+-------+-------+-------+-------+-------+-------+-------+
|   0   | (0,15)| (2,4) |   2   | (0,6) |   0   | (0,3) | (7,0) |   7   | (0,10)|   0   |   |   0   | (0,15)| (2,4) |   .   | (0,6) |   0   | (0,3) | (7,0) |   .   | (0,10)|   0   |
+-------+-------+-------+-------+-------+-------+-------+-------+-------+-------+-------+   +-------+-------+-------+-------+-------+-------+-------+-------+-------+-------+-------+
| (12,0)|   8   |   4   | (6,9) |   6   | (3,0) |   3   | (0,8) | (7,5) |   7   | (0,6) |   | (12,0)|   .   |   .   | (6,9) |   .   | (3,0) |   .   | (0,8) | (7,5) |   .   | (0,6) |
+-------+-------+-------+-------+-------+-------+-------+-------+-------+-------+-------+   +-------+-------+-------+-------+-------+-------+-------+-------+-------+-------+-------+
| (7,0) |   7   | (9,0) |   9   |   0   |   0   | (22,0)|   8   |   5   |   3   |   6   |   | (7,0) |   .   | (9,0) |   .   |   0   |   0   | (22,0)|   .   |   .   |   .   |   .   |
+-------+-------+-------+-------+-------+-------+-------+-------+-------+-------+-------+   +-------+-------+-------+-------+-------+-------+-------+-------+-------+-------+-------+

Generated output:
[[1, 7, 1, 1, 1, 4, 1, 1, 1], [5, 1, 1, 1, 1, 1, 1, 6, 1], [2, 1, 7, 1, 1, 9, 4, 3, 1], [1, 6, 8, 6, 8, 4, 1, 1, 9], [7, 1, 8, 1, 8, 9, 9], [1, 5, 5, 8, 8, 9, 9, 1], [1, 1, 7, 9, 7, 7, 1], [1, 1, 2, 6, 3, 7, 7, 1], [1, 1, 6, 9, 3, 8, 7, 5, 6], [7, 9, 1, 1, 1, 1, 1, 1, 1]]
​
----------------------------------------

Problem ID : 35456
Parse fail : True
Metrics    : {'cell_acc': 0.0, 'board_acc': 0.0, 'row_acc': 0.0, 'col_acc': 0.0}

                                         PUZZLE                                            PREDICTION (parse failed)
+-------+-------+-------+-------+-------+-------+-------+-------+-------+-------+-------+   +-------+-------+-------+-------+-------+-------+-------+-------+-------+-------+-------+
|   0   |   0   | (0,8) | (0,5) |   0   |   0   | (0,17)|   0   | (0,2) | (0,1) |   0   |   |   0   |   0   | (0,8) | (0,5) |   0   |   0   | (0,17)|   0   | (0,2) | (0,1) |   0   |
+-------+-------+-------+-------+-------+-------+-------+-------+-------+-------+-------+   +-------+-------+-------+-------+-------+-------+-------+-------+-------+-------+-------+
|   0   | (13,0)|   8   |   5   |   0   | (9,0) |   9   | (3,9) |   2   |   1   | (0,5) |   |   0   | (13,0)|   .   |   .   |   0   | (9,0) |   .   | (3,9) |   .   |   .   | (0,5) |
+-------+-------+-------+-------+-------+-------+-------+-------+-------+-------+-------+   +-------+-------+-------+-------+-------+-------+-------+-------+-------+-------+-------+
|   0   |   0   |   0   | (0,19)|   0   |(17,12)|   8   |   9   | (0,19)| (5,0) |   5   |   |   0   |   0   |   0   | (0,19)|   0   |(17,12)|   .   |   .   | (0,19)| (5,0) |   .   |
+-------+-------+-------+-------+-------+-------+-------+-------+-------+-------+-------+   +-------+-------+-------+-------+-------+-------+-------+-------+-------+-------+-------+
|   0   | (0,5) | (9,0) |   9   | (5,0) |   5   | (0,1) | (7,6) |   7   | (0,9) | (0,3) |   |   0   | (0,5) | (9,0) |   .   | (5,0) |   .   | (0,1) | (7,6) |   .   | (0,9) | (0,3) |
+-------+-------+-------+-------+-------+-------+-------+-------+-------+-------+-------+   +-------+-------+-------+-------+-------+-------+-------+-------+-------+-------+-------+
| (5,0) |   5   | (4,3) |   4   | (34,0)|   7   |   1   |   6   |   8   |   9   |   3   |   | (5,0) |   .   | (4,3) |   .   | (34,0)|   .   |   .   |   .   |   .   |   .   |   .   |
+-------+-------+-------+-------+-------+-------+-------+-------+-------+-------+-------+   +-------+-------+-------+-------+-------+-------+-------+-------+-------+-------+-------+
|   0   | (9,0) |   3   |   6   | (0,8) |   0   |   0   | (4,15)|   4   |   0   | (0,7) |   |   0   | (9,0) |   .   |   .   | (0,8) |   0   |   0   | (4,15)|   .   |   0   | (0,7) |
+-------+-------+-------+-------+-------+-------+-------+-------+-------+-------+-------+   +-------+-------+-------+-------+-------+-------+-------+-------+-------+-------+-------+
|   0   |   0   | (0,7) | (8,8) |   8   | (0,4) | (4,6) |   4   |   0   | (7,2) |   7   |   |   0   |   0   | (0,7) | (8,8) |   .   | (0,4) | (4,6) |   .   |   0   | (7,2) |   .   |
+-------+-------+-------+-------+-------+-------+-------+-------+-------+-------+-------+   +-------+-------+-------+-------+-------+-------+-------+-------+-------+-------+-------+
|   0   | (15,0)|   7   |   8   | (10,4)|   3   |   6   |   1   | (2,0) |   2   | (0,6) |   |   0   | (15,0)|   .   |   .   | (10,4)|   .   |   .   |   .   | (2,0) |   .   | (0,6) |
+-------+-------+-------+-------+-------+-------+-------+-------+-------+-------+-------+   +-------+-------+-------+-------+-------+-------+-------+-------+-------+-------+-------+
|   0   | (0,5) | (0,5) | (5,0) |   4   |   1   | (8,7) |   8   |   0   | (6,0) |   6   |   |   0   | (0,5) | (0,5) | (5,0) |   .   |   .   | (8,7) |   .   |   0   | (6,0) |   .   |
+-------+-------+-------+-------+-------+-------+-------+-------+-------+-------+-------+   +-------+-------+-------+-------+-------+-------+-------+-------+-------+-------+-------+
| (8,0) |   3   |   5   |   0   |   0   | (9,0) |   7   |   2   | (0,6) | (0,5) |   0   |   | (8,0) |   .   |   .   |   0   |   0   | (9,0) |   .   |   .   | (0,6) | (0,5) |   0   |
+-------+-------+-------+-------+-------+-------+-------+-------+-------+-------+-------+   +-------+-------+-------+-------+-------+-------+-------+-------+-------+-------+-------+
| (2,0) |   2   |   0   |   0   |   0   |   0   |   0   | (11,0)|   6   |   5   |   0   |   | (2,0) |   .   |   0   |   0   |   0   |   0   |   0   | (11,0)|   .   |   .   |   0   |
+-------+-------+-------+-------+-------+-------+-------+-------+-------+-------+-------+   +-------+-------+-------+-------+-------+-------+-------+-------+-------+-------+-------+

Generated output:
[[0,0,0,0,0,0,0,0,0,0],[0,0,0,0,0,0,0,0,0,0],[0,0,0,0,0,0,0,0,0,0],[0,0,0,0,0,0,0,0,0,0],[0,0,0,0,0,0],[],[0,0,0,0,0,0,0,0,0,0],[0,0,0,0,0,0,0,0,0,0],[0,0,0,0,0,0,0,0,0,0],[0,0,0,0,0,0,0,0,0,0],[0,0,0,0,0,0,0,0,0,0],[0,0,0,0,0,0,0,0,0,0],[0,0,0,0,0,0,0,0,0,0],[0,0,0,0,0,0,0,0,0,0]]
----------------------------------------

Problem ID : 35411
Parse fail : True
Metrics    : {'cell_acc': 0.0, 'board_acc': 0.0, 'row_acc': 0.0, 'col_acc': 0.0}

                                         PUZZLE                                            PREDICTION (parse failed)
+-------+-------+-------+-------+-------+-------+-------+-------+-------+-------+-------+   +-------+-------+-------+-------+-------+-------+-------+-------+-------+-------+-------+
|   0   |   0   | (0,9) |   0   | (0,7) |   0   |   0   | (0,4) | (0,10)| (0,2) | (0,5) |   |   0   |   0   | (0,9) |   0   | (0,7) |   0   |   0   | (0,4) | (0,10)| (0,2) | (0,5) |
+-------+-------+-------+-------+-------+-------+-------+-------+-------+-------+-------+   +-------+-------+-------+-------+-------+-------+-------+-------+-------+-------+-------+
|   0   | (9,0) |   9   | (7,7) |   7   | (0,5) |(14,13)|   4   |   3   |   2   |   5   |   |   0   | (9,0) |   .   | (7,7) |   .   | (0,5) |(14,13)|   .   |   .   |   .   |   .   |
+-------+-------+-------+-------+-------+-------+-------+-------+-------+-------+-------+   +-------+-------+-------+-------+-------+-------+-------+-------+-------+-------+-------+
|   0   | (0,9) | (1,7) |   1   | (11,0)|   5   |   6   | (7,0) |   7   |   0   | (0,12)|   |   0   | (0,9) | (1,7) |   .   | (11,0)|   .   |   .   | (7,0) |   .   |   0   | (0,12)|
+-------+-------+-------+-------+-------+-------+-------+-------+-------+-------+-------+   +-------+-------+-------+-------+-------+-------+-------+-------+-------+-------+-------+
| (22,0)|   9   |   7   |   6   | (0,18)| (3,0) |   3   |   0   | (0,1) | (8,31)|   8   |   | (22,0)|   .   |   .   |   .   | (0,18)| (3,0) |   .   |   0   | (0,1) | (8,31)|   .   |
+-------+-------+-------+-------+-------+-------+-------+-------+-------+-------+-------+   +-------+-------+-------+-------+-------+-------+-------+-------+-------+-------+-------+
|   0   |   0   | (0,6) | (9,0) |   9   | (4,0) |   4   | (10,0)|   1   |   6   |   3   |   |   0   |   0   | (0,6) | (9,0) |   .   | (4,0) |   .   | (10,0)|   .   |   .   |   .   |
+-------+-------+-------+-------+-------+-------+-------+-------+-------+-------+-------+   +-------+-------+-------+-------+-------+-------+-------+-------+-------+-------+-------+
|   0   | (6,0) |   6   | (2,6) |   2   |   0   |   0   |   0   | (6,0) |   5   |   1   |   |   0   | (6,0) |   .   | (2,6) |   .   |   0   |   0   |   0   | (6,0) |   .   |   .   |
+-------+-------+-------+-------+-------+-------+-------+-------+-------+-------+-------+   +-------+-------+-------+-------+-------+-------+-------+-------+-------+-------+-------+
|   0   |   0   | (3,0) |   2   |   1   |   0   | (0,5) |   0   | (9,0) |   9   |   0   |   |   0   |   0   | (3,0) |   .   |   .   |   0   | (0,5) |   0   | (9,0) |   .   |   0   |
+-------+-------+-------+-------+-------+-------+-------+-------+-------+-------+-------+   +-------+-------+-------+-------+-------+-------+-------+-------+-------+-------+-------+
|   0   |   0   | (10,3)|   4   |   6   | (5,0) |   5   | (0,8) | (7,5) |   7   |   0   |   |   0   |   0   | (10,3)|   .   |   .   | (5,0) |   .   | (0,8) | (7,5) |   .   |   0   |
+-------+-------+-------+-------+-------+-------+-------+-------+-------+-------+-------+   +-------+-------+-------+-------+-------+-------+-------+-------+-------+-------+-------+
|   0   | (3,0) |   3   |   0   | (0,11)|   0   | (17,9)|   8   |   5   |   4   | (0,16)|   |   0   | (3,0) |   .   |   0   | (0,11)|   0   | (17,9)|   .   |   .   |   .   | (0,16)|
+-------+-------+-------+-------+-------+-------+-------+-------+-------+-------+-------+   +-------+-------+-------+-------+-------+-------+-------+-------+-------+-------+-------+
|   0   |   0   |   0   | (3,0) |   3   | (9,7) |   9   |   0   | (0,6) | (7,0) |   7   |   |   0   |   0   |   0   | (3,0) |   .   | (9,7) |   .   |   0   | (0,6) | (7,0) |   .   |
+-------+-------+-------+-------+-------+-------+-------+-------+-------+-------+-------+   +-------+-------+-------+-------+-------+-------+-------+-------+-------+-------+-------+
|   0   |   0   |   0   | (15,0)|   8   |   7   |   0   | (6,0) |   6   | (9,0) |   9   |   |   0   |   0   |   0   | (15,0)|   .   |   .   |   0   | (6,0) |   .   | (9,0) |   .   |
+-------+-------+-------+-------+-------+-------+-------+-------+-------+-------+-------+   +-------+-------+-------+-------+-------+-------+-------+-------+-------+-------+-------+

Generated output:
[[1, 1, 9, 1, 7, 1, 4, 2, 5], [1, 9, 7, 7, 5, 1, 1, 1, 1], [1, 9, 1, 7, 1, 1, 7, 1, 1], [2, 6, 9, 4, 3, 1, 1, 8], [1, 6, 2, 6, 1, 1, 6, 1], [1, 3, 1, 1, 5, 1, 9, 1], [1, 1, 3, 5, 8, 7, 5], [1, 3, 1, 1, 7, 9, 1, 1], [1, 1, 1, 3, 9, 7, 6, 7, 1], [1, 1, 1, 1, 1, 1, 6, 9, 1]]
```
----------------------------------------

Problem ID : 35444
Parse fail : True
Metrics    : {'cell_acc': 0.0, 'board_acc': 0.0, 'row_acc': 0.0, 'col_acc': 0.0}

                                         PUZZLE                                            PREDICTION (parse failed)
+-------+-------+-------+-------+-------+-------+-------+-------+-------+-------+-------+   +-------+-------+-------+-------+-------+-------+-------+-------+-------+-------+-------+
|   0   | (0,9) |   0   |   0   | (0,3) |   0   | (0,4) | (0,5) | (0,3) |   0   | (0,12)|   |   0   | (0,9) |   0   |   0   | (0,3) |   0   | (0,4) | (0,5) | (0,3) |   0   | (0,12)|
+-------+-------+-------+-------+-------+-------+-------+-------+-------+-------+-------+   +-------+-------+-------+-------+-------+-------+-------+-------+-------+-------+-------+
| (9,0) |   9   |   0   | (1,0) |   1   | (12,0)|   4   |   5   |   3   | (7,15)|   7   |   | (9,0) |   .   |   0   | (1,0) |   .   | (12,0)|   .   |   .   |   .   | (7,15)|   .   |
+-------+-------+-------+-------+-------+-------+-------+-------+-------+-------+-------+   +-------+-------+-------+-------+-------+-------+-------+-------+-------+-------+-------+
|   0   |   0   |   0   | (2,26)|   2   | (0,10)|   0   | (0,4) | (13,0)|   8   |   5   |   |   0   |   0   |   0   | (2,26)|   .   | (0,10)|   0   | (0,4) | (13,0)|   .   |   .   |
+-------+-------+-------+-------+-------+-------+-------+-------+-------+-------+-------+   +-------+-------+-------+-------+-------+-------+-------+-------+-------+-------+-------+
|   0   |   0   | (5,0) |   5   | (6,5) |   6   | (4,11)|   4   | (7,1) |   7   | (0,3) |   |   0   |   0   | (5,0) |   .   | (6,5) |   .   | (4,11)|   .   | (7,1) |   .   | (0,3) |
+-------+-------+-------+-------+-------+-------+-------+-------+-------+-------+-------+   +-------+-------+-------+-------+-------+-------+-------+-------+-------+-------+-------+
|   0   | (0,9) | (20,0)|   8   |   5   |   4   |   3   | (1,0) |   1   | (2,0) |   2   |   |   0   | (0,9) | (20,0)|   .   |   .   |   .   |   .   | (1,0) |   .   | (2,0) |   .   |
+-------+-------+-------+-------+-------+-------+-------+-------+-------+-------+-------+   +-------+-------+-------+-------+-------+-------+-------+-------+-------+-------+-------+
| (4,0) |   4   | (7,0) |   7   | (0,11)| (8,16)|   8   | (0,9) | (0,11)| (1,2) |   1   |   | (4,0) |   .   | (7,0) |   .   | (0,11)| (8,16)|   .   | (0,9) | (0,11)| (1,2) |   .   |
+-------+-------+-------+-------+-------+-------+-------+-------+-------+-------+-------+   +-------+-------+-------+-------+-------+-------+-------+-------+-------+-------+-------+
| (5,0) |   5   | (21,0)|   6   |   8   |   7   | (15,7)|   9   |   4   |   2   | (0,4) |   | (5,0) |   .   | (21,0)|   .   |   .   |   .   | (15,7)|   .   |   .   |   .   | (0,4) |
+-------+-------+-------+-------+-------+-------+-------+-------+-------+-------+-------+   +-------+-------+-------+-------+-------+-------+-------+-------+-------+-------+-------+
|   0   |   0   |   0   | (18,5)|   3   |   9   |   6   | (5,0) |   5   | (4,0) |   4   |   |   0   |   0   |   0   | (18,5)|   .   |   .   |   .   | (5,0) |   .   | (4,0) |   .   |
+-------+-------+-------+-------+-------+-------+-------+-------+-------+-------+-------+   +-------+-------+-------+-------+-------+-------+-------+-------+-------+-------+-------+
|   0   |   0   | (3,0) |   3   |   0   | (1,0) |   1   | (2,6) |   2   | (0,9) |   0   |   |   0   |   0   | (3,0) |   .   |   0   | (1,0) |   .   | (2,6) |   .   | (0,9) |   0   |
+-------+-------+-------+-------+-------+-------+-------+-------+-------+-------+-------+   +-------+-------+-------+-------+-------+-------+-------+-------+-------+-------+-------+
|   0   |   0   | (2,5) |   2   |   0   | (0,2) | (6,9) |   6   | (9,7) |   9   |   0   |   |   0   |   0   | (2,5) |   .   |   0   | (0,2) | (6,9) |   .   | (9,7) |   .   |   0   |
+-------+-------+-------+-------+-------+-------+-------+-------+-------+-------+-------+   +-------+-------+-------+-------+-------+-------+-------+-------+-------+-------+-------+
|   0   | (5,0) |   5   |   0   | (11,0)|   2   |   9   | (7,0) |   7   |   0   |   0   |   |   0   | (5,0) |   .   |   0   | (11,0)|   .   |   .   | (7,0) |   .   |   0   |   0   |
+-------+-------+-------+-------+-------+-------+-------+-------+-------+-------+-------+   +-------+-------+-------+-------+-------+-------+-------+-------+-------+-------+-------+

Generated output:
[[0, 9, 0, 0, 3, 4, 5, 3, 0, 12], [9, 0, 0, 1, 12, 0, 0, 0, 0, 0, 0, 0, 0, 0, 0, 0, 0, 0, 0, 0, 0, 0, 0, 0, 0, 0, 0, 0, 0, 0, 0, 0, 0, 0, 0, 0, 0, 0, 0, 0, 0, 0, 0, 0, 0, 0, 0, 0, 0, 0, 0, 0, 0, 0, 0, 0, 0, 0, 0, 0, 0, 0, 0, 0, 0, 0, 0, 0, 0, 0, 0, 0, 0, 0]]
----------------------------------------

